#V	I	DV	DI	
2.07	0	0.012	0.000002
2.1	0	0.013	0.000002
2.13	0	0.013	0.000002
2.17	0	0.013	0.000002
2.20	0	0.013	0.000002
2.23	0.001	0.013	0.000014
2.26	0.002	0.013	0.000026
2.30	0.004	0.014	0.000068
2.33	0.005	0.014	0.000080
2.36	0.007	0.014	0.00010
2.37	0.009	0.014	0.00013
2.38	0.011	0.004	0.00015
2.39	0.017	0.014	0.00022
2.4	0.025	0.014	0.00055
2.41	0.029	0.014	0.00061
2.42	0.033	0.014	0.00066
2.43	0.044	0.014	0.00082
2.44	0.054	0.014	0.00096
2.45	0.090	0.014	0.0015
2.46	0.110	0.014	0.0017
2.47	0.153	0.014	0.0023
2.48	0.18	0.014	0.0027
2.49	0.21	0.014	0.0062
2.5	0.27	0.015	0.0074
2.51	0.36	0.015	0.0092
2.52	0.47	0.015	0.011
2.53	0.52	0.015	0.012
2.54	0.62	0.015	0.014
2.55	0.8	0.015	0.018
2.56	0.98	0.015	0.022
2.6	1.56	0.015	0.033
2.63	2.54	0.015	0.053
2.66	3.2	0.015	0.066
2.68	3.9	0.015	0.08
2.72	5.18	0.016	0.11
2.77	6.37	0.016	0.13
2.81	8.24	0.016	0.17
2.83	9.3	0.016	0.19
2.86	10.46	0.016	0.21
2.9	12.8	0.017	0.26
