#V	I		DV		DI
1.51	0		0.0028		0.000002
1.61	0		0.0028		0.000002
1.70	0		0.0029		0.000002
1.81	0		0.0029		0.000002
1.85	0		0.0029		0.000002
1.88	0		0.0029		0.000002
1.90	0		0.0030		0.000002
1.95	0.001		0.0030		0.000014
1.97	0.002		0.0030		0.000026
1.99	0.003		0.0030		0.000044	
2.01	0.004		0.021		0.000056
2.03	0.006		0.021		0.000068
2.04	0.008		0.021		0.000092
2.05	0.010		0.021		0.00012
2.06	0.012		0.021		0.00014
2.07	0.015		0.021		0.00016
2.08	0.019		0.021		0.00020
2.09	0.026		0.021		0.00025
2.10	0.030		0.021		0.00033
2.11	0.037		0.021		0.00038
2.12	0.048		0.021		0.00046
2.13	0.060		0.021		0.00060
2.14	0.074		0.021		0.00074
2.15	0.090		0.021		0.00091
2.16	0.120		0.021		0.0011
2.17	0.141		0.021		0.0015
2.18	0.184		0.021		0.0017
2.19	0.246		0.021		0.0022
2.20	0.266		0.021		0.0030
2.21	0.380		0.021		0.0032
2.22	0.405		0.021		0.0046
2.23	0.475		0.021		0.0049
2.24	0.639		0.021		0.0057
2.25	0.693		0.021		0.0077
2.26	0.783		0.021		0.0083
2.27	0.928		0.021		0.0094
2.28	1.115		0.021		0.011
2.29	1.226		0.021		0.013
2.30	1.314		0.021		0.015
2.31	1.570		0.021	 	0.016
2.32	1.666		0.021		0.019
2.33	1.86		0.021		0.020
2.34	2.09		0.021		0.022
2.35	2.22		0.021		0.025
2.36	2.55		0.021		0.027
2.37	2.70		0.021		0.031
2.38	2.80		0.021		0.032
2.39	3.08		0.021		0.034
2.43	3.80		0.021		0.037
2.44	4.12		0.021		0.046
2.46	4.58		0.021		0.049
2.51	5.74		0.021		0.055
2.53	6.36		0.021		0.069
2.55	6.87		0.021		0.079
2.58	7.71		0.021		0.082
2.59	8.18		0.021		0.093
2.68	10.84		0.021		0.099
2.71	11.96		0.021		0.13
2.79	14.69		0.021		0.14
2.81	15.66		0.021		0.18
2.88	18.20		0.021		0.19
