#V	I		DV		DI	
1.29 	0		0.0085		0.0000020
1.33	0		0.0087		0.0000020
1.37	0		0.0089		0.0000020
1.42	0		0.0091		0.0000020
1.45	0.001		0.0093		0.000014
1.47	0.001		0.0094		0.000014
1.49	0.002		0.0095		0.000026
1.51	0.003		0.010		0.000056
1.53	0.004		0.010		0.000068
1.55	0.005		0.010		0.000080
1.57	0.009		0.010		0.00013
1.60	0.015		0.010		0.00020
1.63	0.032		0.010		0.00065
1.66	0.062		0.010		0.0011
1.68	0.098		0.010		0.0016
1.69	0.131		0.010		0.0020
1.70	0.151		0.011		0.0023
1.72	0.270		0.011		0.025	
1.73	0.285		0.011		0.026
1.74	0.34		0.011		0.027
1.75	0.43		0.011		0.029
1.76	0.52		0.011		0.030
1.77	0.70		0.011		0.034
1.78	0.91		0.011		0.038
1.79	1.08		0.011		0.042	
1.80	1.26		0.011		0.045
1.82	1.85		0.011		0.057
1.83	2.22		0.011		0.064
1.84	2.60		0.011		0.072
1.85	2.88		0.011		0.078
1.86	3.43		0.011		0.089
1.87	4.10		0.011		0.10
1.88	4.50		0.011		0.11
1.89	5.12		0.011		0.12
1.90	5.42		0.012		0.13
1.93	6.90		0.012		0.16
1.95	8.55		0.012		0.19
1.96	8.96		0.012		0.20
1.98	11.27		0.012		0.25
1.99	11.87		0.012		0.26
2.0	12.51		0.012		0.27
2.06	16.33		0.030		0.35
2.09	20.05		0.030		0.42
2.13	22.8		0.030		0.48
2.15	26.0		0.031		0.54
