<Qucs Dataset 0.0.19>
<indep time 260>
  +0.00000000000000000000e+00
  +7.72200772200772217501e-06
  +1.54440154440154443500e-05
  +2.31660231660231648310e-05
  +3.08880308880308887000e-05
  +3.86100386100386125691e-05
  +4.63320463320463296619e-05
  +5.40540540540540535310e-05
  +6.17760617760617774001e-05
  +6.94980694980694944929e-05
  +7.72200772200772251382e-05
  +8.49420849420849422310e-05
  +9.26640926640926593238e-05
  +1.00386100386100389969e-04
  +1.08108108108108107062e-04
  +1.15830115830115837707e-04
  +1.23552123552123554800e-04
  +1.31274131274131285445e-04
  +1.38996138996138988986e-04
  +1.46718146718146719631e-04
  +1.54440154440154450276e-04
  +1.62162162162162153817e-04
  +1.69884169884169884462e-04
  +1.77606177606177615107e-04
  +1.85328185328185318648e-04
  +1.93050193050193049293e-04
  +2.00772200772200779938e-04
  +2.08494208494208510584e-04
  +2.16216216216216214124e-04
  +2.23938223938223944769e-04
  +2.31660231660231675415e-04
  +2.39382239382239378955e-04
  +2.47104247104247109600e-04
  +2.54826254826254813141e-04
  +2.62548262548262570891e-04
  +2.70270270270270274431e-04
  +2.77992277992277977972e-04
  +2.85714285714285735722e-04
  +2.93436293436293439262e-04
  +3.01158301158301142803e-04
  +3.08880308880308900553e-04
  +3.16602316602316604093e-04
  +3.24324324324324307633e-04
  +3.32046332046332065384e-04
  +3.39768339768339768924e-04
  +3.47490347490347472464e-04
  +3.55212355212355230215e-04
  +3.62934362934362933755e-04
  +3.70656370656370637295e-04
  +3.78378378378378395046e-04
  +3.86100386100386098586e-04
  +3.93822393822393856336e-04
  +4.01544401544401559877e-04
  +4.09266409266409263417e-04
  +4.16988416988417021167e-04
  +4.24710424710424724708e-04
  +4.32432432432432428248e-04
  +4.40154440154440185998e-04
  +4.47876447876447889539e-04
  +4.55598455598455593079e-04
  +4.63320463320463350829e-04
  +4.71042471042471054370e-04
  +4.78764478764478757910e-04
  +4.86486486486486515660e-04
  +4.94208494208494219201e-04
  +5.01930501930501976951e-04
  +5.09652509652509626281e-04
  +5.17374517374517384032e-04
  +5.25096525096525141782e-04
  +5.32818532818532791112e-04
  +5.40540540540540548863e-04
  +5.48262548262548306613e-04
  +5.55984555984555955943e-04
  +5.63706563706563713693e-04
  +5.71428571428571471444e-04
  +5.79150579150579120774e-04
  +5.86872586872586878524e-04
  +5.94594594594594636275e-04
  +6.02316602316602285605e-04
  +6.10038610038610043355e-04
  +6.17760617760617801106e-04
  +6.25482625482625450436e-04
  +6.33204633204633208186e-04
  +6.40926640926640965937e-04
  +6.48648648648648615267e-04
  +6.56370656370656373017e-04
  +6.64092664092664130768e-04
  +6.71814671814671780098e-04
  +6.79536679536679537848e-04
  +6.87258687258687295599e-04
  +6.94980694980694944929e-04
  +7.02702702702702702679e-04
  +7.10424710424710460430e-04
  +7.18146718146718109760e-04
  +7.25868725868725867510e-04
  +7.33590733590733625261e-04
  +7.41312741312741274591e-04
  +7.49034749034749032341e-04
  +7.56756756756756790092e-04
  +7.64478764478764547842e-04
  +7.72200772200772197172e-04
  +7.79922779922779954923e-04
  +7.87644787644787712673e-04
  +7.95366795366795362003e-04
  +8.03088803088803119754e-04
  +8.10810810810810877504e-04
  +8.18532818532818526834e-04
  +8.26254826254826284584e-04
  +8.33976833976834042335e-04
  +8.41698841698841691665e-04
  +8.49420849420849449415e-04
  +8.57142857142857207166e-04
  +8.64864864864864856496e-04
  +8.72586872586872614246e-04
  +8.80308880308880371997e-04
  +8.88030888030888021327e-04
  +8.95752895752895779077e-04
  +9.03474903474903536828e-04
  +9.11196911196911186158e-04
  +9.18918918918918943908e-04
  +9.26640926640926701659e-04
  +9.34362934362934350989e-04
  +9.42084942084942108739e-04
  +9.49806949806949866490e-04
  +9.57528957528957515820e-04
  +9.65250965250965273570e-04
  +9.72972972972973031321e-04
  +9.80694980694980789071e-04
  +9.88416988416988438401e-04
  +9.96138996138996087731e-04
  +1.00386100386100395390e-03
  +1.01158301158301160323e-03
  +1.01930501930501925256e-03
  +1.02702702702702711873e-03
  +1.03474903474903476806e-03
  +1.04247104247104241739e-03
  +1.05019305019305028356e-03
  +1.05791505791505793289e-03
  +1.06563706563706558222e-03
  +1.07335907335907344839e-03
  +1.08108108108108109773e-03
  +1.08880308880308874706e-03
  +1.09652509652509661323e-03
  +1.10424710424710426256e-03
  +1.11196911196911191189e-03
  +1.11969111969111977806e-03
  +1.12741312741312742739e-03
  +1.13513513513513507672e-03
  +1.14285714285714294289e-03
  +1.15057915057915059222e-03
  +1.15830115830115824155e-03
  +1.16602316602316610772e-03
  +1.17374517374517375705e-03
  +1.18146718146718140638e-03
  +1.18918918918918927255e-03
  +1.19691119691119692188e-03
  +1.20463320463320457121e-03
  +1.21235521235521243738e-03
  +1.22007722007722008671e-03
  +1.22779922779922773604e-03
  +1.23552123552123560221e-03
  +1.24324324324324325154e-03
  +1.25096525096525090087e-03
  +1.25868725868725876704e-03
  +1.26640926640926641637e-03
  +1.27413127413127406570e-03
  +1.28185328185328193187e-03
  +1.28957528957528958120e-03
  +1.29729729729729723053e-03
  +1.30501930501930509670e-03
  +1.31274131274131274603e-03
  +1.32046332046332039536e-03
  +1.32818532818532826154e-03
  +1.33590733590733591087e-03
  +1.34362934362934356020e-03
  +1.35135135135135142637e-03
  +1.35907335907335907570e-03
  +1.36679536679536672503e-03
  +1.37451737451737459120e-03
  +1.38223938223938224053e-03
  +1.38996138996138988986e-03
  +1.39768339768339775603e-03
  +1.40540540540540540536e-03
  +1.41312741312741305469e-03
  +1.42084942084942092086e-03
  +1.42857142857142857019e-03
  +1.43629343629343621952e-03
  +1.44401544401544408569e-03
  +1.45173745173745173502e-03
  +1.45945945945945938435e-03
  +1.46718146718146725052e-03
  +1.47490347490347489985e-03
  +1.48262548262548254918e-03
  +1.49034749034749041535e-03
  +1.49806949806949806468e-03
  +1.50579150579150593085e-03
  +1.51351351351351358018e-03
  +1.52123552123552122951e-03
  +1.52895752895752909568e-03
  +1.53667953667953674501e-03
  +1.54440154440154439434e-03
  +1.55212355212355226051e-03
  +1.55984555984555990985e-03
  +1.56756756756756755918e-03
  +1.57528957528957542535e-03
  +1.58301158301158307468e-03
  +1.59073359073359072401e-03
  +1.59845559845559859018e-03
  +1.60617760617760623951e-03
  +1.61389961389961388884e-03
  +1.62162162162162175501e-03
  +1.62934362934362940434e-03
  +1.63706563706563705367e-03
  +1.64478764478764491984e-03
  +1.65250965250965256917e-03
  +1.66023166023166021850e-03
  +1.66795366795366808467e-03
  +1.67567567567567573400e-03
  +1.68339768339768338333e-03
  +1.69111969111969124950e-03
  +1.69884169884169889883e-03
  +1.70656370656370654816e-03
  +1.71428571428571441433e-03
  +1.72200772200772206366e-03
  +1.72972972972972971299e-03
  +1.73745173745173757916e-03
  +1.74517374517374522849e-03
  +1.75289575289575287782e-03
  +1.76061776061776074399e-03
  +1.76833976833976839332e-03
  +1.77606177606177604265e-03
  +1.78378378378378390882e-03
  +1.79150579150579155815e-03
  +1.79922779922779920748e-03
  +1.80694980694980707366e-03
  +1.81467181467181472299e-03
  +1.82239382239382237232e-03
  +1.83011583011583023849e-03
  +1.83783783783783788782e-03
  +1.84555984555984553715e-03
  +1.85328185328185340332e-03
  +1.86100386100386105265e-03
  +1.86872586872586870198e-03
  +1.87644787644787656815e-03
  +1.88416988416988421748e-03
  +1.89189189189189186681e-03
  +1.89961389961389973298e-03
  +1.90733590733590738231e-03
  +1.91505791505791503164e-03
  +1.92277992277992289781e-03
  +1.93050193050193054714e-03
  +1.93822393822393819647e-03
  +1.94594594594594606264e-03
  +1.95366795366795371197e-03
  +1.96138996138996157814e-03
  +1.96911196911196901063e-03
  +1.97683397683397687680e-03
  +1.98455598455598474297e-03
  +1.99227799227799217546e-03
  +2.00000000000000004163e-03
</indep>
<dep vo.Vt time>
  +0.00000000000000000000e+00
  +2.32271509204241954905e+00
  +4.09107911283791203516e+00
  +4.89704417418006165974e+00
  +4.55471086759127530286e+00
  +3.14323278640659831140e+00
  +9.88559550094580852253e-01
  -1.41182312119325970023e+00
  -3.50370385307578802170e+00
  -4.80409432275864922701e+00
  -5.01269816632086850916e+00
  -4.08123033492381281917e+00
  -2.22456666941119518555e+00
  +1.28857213290486660728e-01
  +2.43593978411384304295e+00
  +4.16427527975107381053e+00
  +4.91504652524778151701e+00
  +4.51508210673231236143e+00
  +3.05682875335211612366e+00
  +8.77012284237173700419e-01
  -1.52108681307733073496e+00
  -3.58380191002549919332e+00
  -4.83488296109867032868e+00
  -4.98545119513081935736e+00
  -4.00060976499617737545e+00
  -2.10756581306798329578e+00
  +2.56825694730003439847e-01
  +2.54692116402998891544e+00
  +4.23422340413831577166e+00
  +4.92937467502439563560e+00
  +4.47203007711774169763e+00
  +2.96786924623037062787e+00
  +7.64202807800052896781e-01
  -1.63019556132937193382e+00
  -3.66252664687782747421e+00
  -4.86356422924957687570e+00
  -4.95599110108946572240e+00
  -3.91832520065263434361e+00
  -1.99001584964379807374e+00
  +3.83958201089344142165e-01
  +2.65572405884799822573e+00
  +4.30100475049644792591e+00
  +4.94013123743913862285e+00
  +4.42567970924259501686e+00
  +2.87650076132976639798e+00
  +6.50285655528537454018e-01
  -1.73899793049391382382e+00
  -3.73974273228078635256e+00
  -4.89002690330642675320e+00
  -4.92423734024957315825e+00
  -3.83437994876176979631e+00
  -1.87192487830799869641e+00
  +5.10237932874788135962e-01
  +2.76234006156100386775e+00
  +4.36463121463863856775e+00
  +4.94735555835691442894e+00
  +4.37609853398058223917e+00
  +2.78281316815384061059e+00
  +5.35361957915140962427e-01
  -1.84740018234835612354e+00
  -3.81536833772906502915e+00
  -4.91420982626375923985e+00
  -4.89019308088564841341e+00
  -3.74877077440907635619e+00
  -1.75332475253842345886e+00
  +6.35631082380125445042e-01
  +2.86675591505582882945e+00
  +4.42512123426843118068e+00
  +4.95110926754897562319e+00
  +4.32339175959728638787e+00
  +2.68694546846887316605e+00
  +4.19586813303204686498e-01
  -1.95523848706649272522e+00
  -3.88927908182076587096e+00
  -4.93604421177623198247e+00
  -4.85381761948483436697e+00
  -3.66150138343644826477e+00
  -1.63423763463228022275e+00
  +7.60111559994954610886e-01
  +2.96894457160908142868e+00
  +4.48248679770168756420e+00
  +4.95145028284523647244e+00
  +4.26766253396045236457e+00
  +2.58903480300809230030e+00
  +3.03112174998321604047e-01
  -2.06237935334026190048e+00
  -3.96135842344309274665e+00
  -4.95540332322608545468e+00
  -4.81501058919772084721e+00
  -3.57250085065886491265e+00
  -1.51460750992505555068e+00
  +8.83725156870213468530e-01
  +3.06897095352784132771e+00
  +4.53677264377340527801e+00
  +4.94842718124662628298e+00
  +4.20896083341172300152e+00
  +2.48913219110027261749e+00
  +1.85989444064042941385e-01
  -2.16877481483672696072e+00
  -4.03155246177063109059e+00
  -4.97230077646442314432e+00
  -4.77380526648209180252e+00
  -3.48181844640102511335e+00
  -1.39449881482694615364e+00
  +1.00641110299764968694e+00
  +3.16678165013781720560e+00
  +4.58800162380208131907e+00
  +4.94210136111882292198e+00
  +4.14738083117400524458e+00
  +2.38735640700858153807e+00
  +6.83482749297807945510e-02
  -2.27429875302321615749e+00
  -4.09977136105897077556e+00
  -4.98666704885570055694e+00
  -4.73019673511680149858e+00
  -3.38949890147815713348e+00
  -1.27398067562170402844e+00
  +1.12809573568198762139e+00
  +3.26232893379635680020e+00
  +4.63612929970444476169e+00
  +4.93245256635508777521e+00
  +4.08295536245363521743e+00
  +2.28377932267665340049e+00
  -4.97242777952966175103e-02
  -2.37886817673005701579e+00
  -4.16597186652827744524e+00
  -4.99847195131311750060e+00
  -4.68415228688491325215e+00
  -3.29551236093374821934e+00
  -1.15303256092457395710e+00
  +1.24880086780010324254e+00
  +3.35563584926949909359e+00
  +4.68121306310069762446e+00
  +4.91960698781080285613e+00
  +4.01584130871568056875e+00
  +2.17857885510943471985e+00
  -1.68043094094739525746e-01
  -2.48231449764753486775e+00
  -4.22999302837497648255e+00
  -5.00762081093863997694e+00
  -4.63565277596590163967e+00
  -3.19990023366181741693e+00
  -1.03172343419936241027e+00
  +1.36845482338891888396e+00
  +3.44665952600594227562e+00
  +4.72323499668970292475e+00
  +4.90356164847887665559e+00
  +3.94606169427460651278e+00
  +2.07179636219022844656e+00
  -2.86560664942662191024e-01
  -2.58459922047523749100e+00
  -4.29183387226818258142e+00
  -5.01413281228163310033e+00
  -4.58475531691172388804e+00
  -3.10274135220820168612e+00
  -9.10149593382153065946e-01
  +1.48696338133136563009e+00
  +3.53532928423470815815e+00
  +4.76216611255071686770e+00
  +4.88433567069805096850e+00
  +3.87367994254438130497e+00
  +1.96352532087353304213e+00
  -4.05174526679328905754e-01
  -2.68562100817831828081e+00
  -4.35138808981361080441e+00
  -5.01793405488341104359e+00
  -4.53136318835893359136e+00
  -3.00394882653822303809e+00
  -7.88217808129150543373e-01
  +1.60442123562509486590e+00
  +3.62172247919547629635e+00
  +4.79807962312640423619e+00
  +4.86199760738395614368e+00
  +3.79876037969148683260e+00
  +1.85382773759233043798e+00
  -5.23823044489359679332e-01
  -2.78533260715390396101e+00
  -4.40865022799017136634e+00
  -5.01903642709970920777e+00
  -4.47556238462176647630e+00
  -2.90363990083347456306e+00
  -6.66073155224543689279e-01
  +1.72068574389452133566e+00
  +3.70574706643289886188e+00
  +4.83094284806307605606e+00
  +4.83658373181476441971e+00
  +3.72140189017179290332e+00
  +1.74284367400599582432e+00
  -6.42355562480989350505e-01
  -2.88359761635146272241e+00
  -4.46351352749716667745e+00
  -5.01738551434958779396e+00
  -4.41733312830193192156e+00
  -2.80183131747861846605e+00
  -5.43746878664298050055e-01
  +1.83572870133629084677e+00
  +3.78738352184481641416e+00
  +4.86075736987742423878e+00
  +4.80811941614965920877e+00
  +3.64165080410360575414e+00
  +1.63063293349255888920e+00
  -7.60709545690151922592e-01
  -2.98036360827970314702e+00
  -4.51594652271369767504e+00
  -5.01297683834217799870e+00
  -4.35669773405635130104e+00
  -2.69856581464985900709e+00
  -4.21291065822190891055e-01
  +1.94950236306770263717e+00
  +3.86660360642037526091e+00
  +4.88752529390425838329e+00
  +4.77664091106256716301e+00
  +3.55957340390293186516e+00
  +1.51728075179871657596e+00
  -8.78796290832791870962e-01
  -3.07555473052854511096e+00
  -4.56589959617915930323e+00
  -5.00579437667422944003e+00
  -4.29367341153559589628e+00
  -2.59388583148441353998e+00
  -2.98759590147683995465e-01
  +2.06195782506974101267e+00
  +3.94337861171668579985e+00
  +4.91124864147778161794e+00
  +4.74218437859249331012e+00
  +3.47523549286974020589e+00
  +1.40287120248635144293e+00
  -9.96529071696506285605e-01
  -3.16909786328900500152e+00
  -4.61332638175689524473e+00
  -4.99582551741865632522e+00
  -4.22828054070386816221e+00
  -2.48783639040793813635e+00
  -1.76208107029974886393e-01
  +2.17304523502234259169e+00
  +4.01767955740849291857e+00
  +4.93192952800774619959e+00
  +4.70478604874899009047e+00
  +3.38870253298167556366e+00
  +1.28748732261558074264e+00
  -1.11382301636526492850e+00
  -3.26092248990737276770e+00
  -4.65818362077135628141e+00
  -4.98306089671380192385e+00
  -4.16054249131936515482e+00
  -2.38046490340914651540e+00
  -5.36938551015734566452e-02
  +2.28271398630862343282e+00
  +4.08947737174336634070e+00
  +4.94957032387795425876e+00
  +4.66448235908758679358e+00
  +3.30003976602881010649e+00
  +1.17121122230923613294e+00
  -1.23059499995339716172e+00
  -3.35096058238130733997e+00
  -4.70043103266270279050e+00
  -4.96749425066236938164e+00
  -4.09048545675123254028e+00
  -2.27182099288103822587e+00
  +6.87245275395167998234e-02
</dep>
<dep V1.It time>
  +0.00000000000000000000e+00
  -9.15849998379079345762e-06
  -3.44122339322381251537e-05
  -6.97964138735561614004e-05
  -1.07005607224320762032e-04
  -1.37316640037370011392e-04
  -1.53588437436827178993e-04
  -1.51932814267633783207e-04
  -1.32590034431338913432e-04
  -9.98959520855678874017e-05
  -6.12640826843838910091e-05
  -2.54776790939551993711e-05
  -6.66488154098595066812e-07
  +7.57209688013979898279e-06
  -2.53493495432980670346e-06
  -2.85269485527832872946e-05
  -6.42776324045207672706e-05
  -1.01409099823076241653e-04
  -1.31225711151479912690e-04
  -1.46721241506592820717e-04
  -1.44195619300010102401e-04
  -1.24107565137769842827e-04
  -9.09710671314569488096e-05
  -5.23374841598529060125e-05
  -1.69825690077975659633e-05
  +7.05221493927814199493e-06
  +1.43268369581824570497e-05
  +3.28033531851626971863e-06
  -2.34222845282406665968e-05
  -5.95027709552834802704e-05
  -9.65191033819171511970e-05
  -1.25814118930766654899e-04
  -1.40513799460692106200e-04
  -1.37113767066559291393e-04
  -1.16287770436514274969e-04
  -8.27305555533235754354e-05
  -4.41008496807125972556e-05
  -9.16778831248289144829e-06
  +1.40755940608760764525e-05
  +2.03883100503180531742e-05
  +8.41402707037089241104e-06
  -1.89788176494701069390e-05
  -5.53635935842687314386e-05
  -9.22389007971528325372e-05
  -1.20990903512300314489e-04
  -1.34881616791418095522e-04
  -1.30604199090193073959e-04
  -1.09046249546073732066e-04
  -7.50849215354644754922e-05
  -3.64611455111414479416e-05
  -1.99281917158558520060e-06
  +2.04605938042746963849e-05
  +2.58109657259350438519e-05
  +1.29187415586523075437e-05
  -1.51479668996622636728e-05
  -5.18168601632448778613e-05
  -8.85307567672599356537e-05
  -1.16722803223031786047e-04
  -1.29793916565494057242e-04
  -1.24641037042401306521e-04
  -1.02350876397454886523e-04
  -6.79930804623945979912e-05
  -2.94073490502519130092e-05
  +4.59075185454429765335e-06
  +2.62410985118717269172e-05
  +3.06321194303983652474e-05
  +1.68413131175445643134e-05
  -1.18761054691640685166e-05
  -4.87987766983814758937e-05
  -8.53208232453063600319e-05
  -1.12928462219114898279e-04
  -1.25166225918152147073e-04
  -1.19127753971790762626e-04
  -9.61257146416142287766e-05
  -6.14046508671149617216e-05
  -2.28828731741965575954e-05
  +1.06257246822443962510e-05
  +3.14613390779845038410e-05
  +3.48966369379863277441e-05
  +2.02138332908196752334e-05
  -9.11757274205226719724e-06
  -4.62509924515600197303e-05
  -8.25388587734461148760e-05
  -1.09529389857509530399e-04
  -1.20917447379233222466e-04
  -1.13997564818763889275e-04
  -9.03013823255811078896e-05
  -5.52096226674630950206e-05
  -1.67697840342918335960e-05
  +1.62308301196690444137e-05
  +3.62443396583806931002e-05
  +3.87210552609745453515e-05
  +2.31593766698697466587e-05
  -6.79549420495629610264e-06
  -4.41262290827741911962e-05
  -8.01693202462197042086e-05
  -1.06534186552696962533e-04
  -1.17067224379616404502e-04
  -1.09268573616767717001e-04
  -8.48698241382655696333e-05
  -4.94366500640127908418e-05
  -1.10821180387948639286e-05
  +2.14058751970074928822e-05
  +4.05932501990765405098e-05
  +4.21150990958402363248e-05
  +2.56816636595796878517e-05
  -4.85643839443236112539e-06
  -4.23661176921581099190e-05
  -7.81539742394211331715e-05
  -1.03884632351818054154e-04
  -1.13557093834306505834e-04
  -1.04880057435402962874e-04
  -7.97857092242678788037e-05
  -4.40295517346446740837e-05
  -5.79405718934274908684e-06
  +2.61564493041901141156e-05
  +4.45070678640864200205e-05
  +4.50753078101549193375e-05
  +2.77890428705510128332e-05
  -3.31583677810269965755e-06
  -4.09956728743416498996e-05
  -7.64974107579071489933e-05
  -1.01570308553449085596e-04
  -1.10371297433303346375e-04
  -1.00813707458827182535e-04
  -7.50489208768831747706e-05
  -3.89697750187325257397e-05
  -8.50342064537482691198e-07
  +3.05639408402219790143e-05
  +4.80749444871964137890e-05
  +4.76933623883565451060e-05
  +2.95595474955468670044e-05
  -2.08888171967048617776e-06
  -3.98951884835808311342e-05
  -7.50816369357280724919e-05
  -9.94756141618488381149e-05
  -1.07396074456721766534e-04
  -9.69648664174539243275e-05
  -7.05402551634672992167e-05
  -3.41725717092093968859e-05
  +3.79236051665506671875e-06
  +3.46396572640340360302e-05
  +5.12969936724593699113e-05
  +4.99670799031519231675e-05
  +3.10041752236390550030e-05
  -1.16768123775873661651e-06
  -3.90758486421824817740e-05
  -7.39239575600890181251e-05
  -9.76223333975749095644e-05
  -1.04655296178528351369e-04
  -9.33581811148289004466e-05
  -6.62990668547117453129e-05
  -2.96653334706479743167e-05
  +8.10274528478478184008e-06
  +3.83586342699719198336e-05
  +5.41464105196105398863e-05
  +5.18713163053324293112e-05
  +3.21049626366422293498e-05
  -5.57035892583671760475e-07
  -3.85284557023635475031e-05
  -7.30026950879555805787e-05
  -9.59809203464161153629e-05
  -1.02117858235693949971e-04
  -8.99546305253394050568e-05
  -6.22579361556630775289e-05
  -2.53806445540123812744e-05
  +1.22049496194238962880e-05
  +4.18627503197398247907e-05
  +5.67862934801124466543e-05
  +5.35693860416484922502e-05
  +3.29907984169342861393e-05
  -1.61182037017554647504e-07
  -3.81960931746646372180e-05
  -7.22966614260174995086e-05
  -9.45540509291899590807e-05
  -9.97934221117939215676e-05
  -8.67684142882925755558e-05
  -5.84488352562847573958e-05
  -2.13351518029128556209e-05
  +1.60419858219683365548e-05
  +4.50908374848074319785e-05
  +5.91417678324136463484e-05
  +5.49867701842458593184e-05
  +3.36199583142226114435e-05
  +8.10175243494186518589e-09
  -3.80558290943576221950e-05
  -7.17514770073985307108e-05
  -9.32670590887287422662e-05
  -9.76025232596568816665e-05
  -8.37236856635245585943e-05
  -5.48009446545861259514e-05
  -1.74774701022301626988e-05
  +1.96642114356915564445e-05
  +4.80832844596861192551e-05
  +6.12520842854533478523e-05
  +5.61628502859851236047e-05
  +3.40219955812000188558e-05
  -2.83619579629285237262e-08
  -3.80973296517030750037e-05
  -7.13666572280088938943e-05
  -9.21262118134356792262e-05
  -9.55536712095060916921e-05
  -8.08276369028358135024e-05
  -5.13172319658739757337e-05
  -1.38044198220196965166e-05
  +2.30814474819532741365e-05
  +5.08555053524683002737e-05
  +6.31359013266512790735e-05
  +5.71168909553858368164e-05
  +3.42164768301840603940e-05
  -2.50900834187104083473e-07
  -3.83010707083877377857e-05
  -7.11230788317729811700e-05
  -9.11129796049427273952e-05
  -9.36290185128078308657e-05
  -7.80630656864697060077e-05
  -4.79809861393842404151e-05
  -1.02995456508242346578e-05
  +2.63101566103163973440e-05
  +5.34242002931592914689e-05
  +6.48103008913133548773e-05
  +5.78663813650566382306e-05
  +3.42211993765054750690e-05
  -6.41609930973717256379e-07
  -3.86492951037615588218e-05
  -7.10033835715402367877e-05
  -9.02105917764509405640e-05
  -9.18124644357678332653e-05
  -7.54144981278373927481e-05
  -4.47772012572279122923e-05
  -6.94807143897599833267e-06
  +2.93651479626678282918e-05
  +5.58044383035172561871e-05
  +6.62907507418528433273e-05
  +5.84272070150551782334e-05
  +3.40523614201121324315e-05
  -1.18418296321768382268e-06
  -3.91258452182145731175e-05
  -7.09918119060519773027e-05
  -8.94038711617553479320e-05
  -9.00894906214702465095e-05
  -7.28680254037815709018e-05
  -4.16924142159770088614e-05
  -3.73673906150154543646e-06
  +3.22597369844938150940e-05
  +5.80098156590516664320e-05
  +6.75912613087534952386e-05
  +5.88138050515367468546e-05
  +3.37247159135270463794e-05
  -1.86375975853213699108e-06
  -3.97160115855000871187e-05
  -7.10740526156666835170e-05
  -8.86790846163811041780e-05
  -8.84470124220064051737e-05
  -7.04111559373153477435e-05
  -3.87145578471310533217e-05
  -6.53662608749237887067e-07
  +3.50058900189026742491e-05
  +6.00525991452345719456e-05
  +6.87245275395412946609e-05
</dep>
<dep _net1.Vt time>
  +0.00000000000000000000e+00
  +2.33187359202621014020e+00
  +4.12549134677014972539e+00
  +4.96684058805361772215e+00
  +4.66171647481559592308e+00
  +3.28054942644396829721e+00
  +1.14214798753140800436e+00
  -1.25989030692562598013e+00
  -3.37111381864444892287e+00
  -4.70419837067308144185e+00
  -4.95143408363648429571e+00
  -4.05575265582985799995e+00
  -2.22390018125709643115e+00
  +1.21285116410346865967e-01
  +2.43847471906817281351e+00
  +4.19280222830385707056e+00
  +4.97932415765230196314e+00
  +4.61649120655538869329e+00
  +3.18805446450359619703e+00
  +1.02373352574376652591e+00
  -1.37689119377732072103e+00
  -3.45969434488772931147e+00
  -4.74391189396721379978e+00
  -4.93311371097096618143e+00
  -3.98362719598837955459e+00
  -2.11461802800726150764e+00
  +2.42498857771820980345e-01
  +2.54364082871147267895e+00
  +4.25764568866655679358e+00
  +4.98887744597967941473e+00
  +4.56854918049965874616e+00
  +3.09368336516113728862e+00
  +9.04716607260744987151e-01
  -1.49308179426281273372e+00
  -3.54623887644131308150e+00
  -4.78083367369625289456e+00
  -4.91189025140875301645e+00
  -3.90915741234015134964e+00
  -2.00409144370467418028e+00
  +3.63569891039026094059e-01
  +2.64731003177762724832e+00
  +4.31998356814591844000e+00
  +4.99549483102340730056e+00
  +4.51791861003974748456e+00
  +2.99749166484206686079e+00
  +7.85167272319955533710e-01
  -1.60839373140372066118e+00
  -3.63069648273471257127e+00
  -4.81494198177096244251e+00
  -4.88777619473843127906e+00
  -3.83238712959018412718e+00
  -1.89238547211227348122e+00
  +4.84426967148853138134e-01
  +2.74942132000235162081e+00
  +4.37977918153830092507e+00
  +4.99917241852015958870e+00
  +4.46462929074784220518e+00
  +2.89953597137687246743e+00
  +6.65155874480634956569e-01
  -1.72275914530595475327e+00
  -3.71301746133161003627e+00
  -4.84621674580136474475e+00
  -4.86078573183539663916e+00
  -3.75336152626362062890e+00
  -1.77956585105029518878e+00
  +6.04998962949727103755e-01
  +2.84991460193828416436e+00
  +4.43699733973759524730e+00
  +4.99990804424735735267e+00
  +4.40871258284259237570e+00
  +2.79987393068798784412e+00
  +5.44753039221356871735e-01
  -1.83611073309470196335e+00
  -3.79315336717915174702e+00
  -4.87463956090911665342e+00
  -4.83093474631063823921e+00
  -3.67212710811869280647e+00
  -1.66569897371026476307e+00
  +7.25214923056968330251e-01
  +2.94873073831826193469e+00
  +4.49160437044373939131e+00
  +4.99770127529679619727e+00
  +4.35020139273389805368e+00
  +2.69856419286560189619e+00
  +4.24029622377554815671e-01
  -1.94838178852149801479e+00
  -3.87105704111751158791e+00
  -4.90019370055862246716e+00
  -4.79824080516342910130e+00
  -3.58873168077853410551e+00
  -1.55085184958343624828e+00
  +8.45004101609238889026e-01
  +3.04581157685797165868e+00
  +4.54356813797836167623e+00
  +4.99255341032940069823e+00
  +4.28913015365794247913e+00
  +2.59566637765296936990e+00
  +3.03056668443659360523e-01
  -2.05950624121995939930e+00
  -3.94668263763236559782e+00
  -4.92286412640041071143e+00
  -4.76272314844329702765e+00
  -3.50322432159803254237e+00
  -1.43509206502602260080e+00
  +9.64296003901809473113e-01
  +3.14109998647823740470e+00
  +4.59285806219651338012e+00
  +4.98446747881098062294e+00
  +4.22553480541342629806e+00
  +2.49124103936039942297e+00
  +1.81905368764087305156e-01
  -2.16941869558781297300e+00
  -4.01998565183470280004e+00
  -4.94263749712105582290e+00
  -4.72440267792745860476e+00
  -3.41565535078234727706e+00
  -1.31848774348579045324e+00
  +1.08302042787183272488e+00
  +3.23453989092580584952e+00
  +4.63944513648254730498e+00
  +4.97344823922942946837e+00
  +4.15945277321154271988e+00
  +2.38534963123010257391e+00
  +6.06470196380067272379e-02
  -2.27805446927122989820e+00
  -4.09092294565139447116e+00
  -4.95950217629438494527e+00
  -4.68330194482037587278e+00
  -3.32607630177397028959e+00
  -1.20110750541177035977e+00
  +1.20110750541174660100e+00
  +3.32607630177395208193e+00
  +4.68330194482036787917e+00
  +4.95950217629438405709e+00
  +4.09092294565140868201e+00
  +2.27805446927128363299e+00
  -6.06470196380177600792e-02
  -2.38534963123008081354e+00
  -4.15945277321150896910e+00
  -4.97344823922943035654e+00
  -4.63944513648255707494e+00
  -3.23453989092585159071e+00
  -1.08302042787182184469e+00
  +1.31848774348576691651e+00
  +3.41565535078230331223e+00
  +4.72440267792746126929e+00
  +4.94263749712105937562e+00
  +4.01998565183469569462e+00
  +2.16941869558780320304e+00
  -1.81905368764133823500e-01
  -2.49124103936040874885e+00
  -4.22553480541347070698e+00
  -4.98446747881098506383e+00
  -4.59285806219650893922e+00
  -3.14109998647817345585e+00
  -9.64296003901763620902e-01
  +1.43509206502603325895e+00
  +3.50322432159806584906e+00
  +4.76272314844330058037e+00
  +4.92286412640041426414e+00
  +3.94668263763233673203e+00
  +2.05950624121994918525e+00
  -3.03056668443634935617e-01
  -2.59566637765297869578e+00
  -4.28913015365794780820e+00
  -4.99255341032939892187e+00
  -4.54356813797835723534e+00
  -3.04581157685796277690e+00
  -8.45004101609262980865e-01
  +1.55085184958344646233e+00
  +3.58873168077854209912e+00
  +4.79824080516342199587e+00
  +4.90019370055862069080e+00
  +3.87105704111750448249e+00
  +1.94838178852152044129e+00
  -4.24029622377565806879e-01
  -2.69856419286561122206e+00
  -4.35020139273388650736e+00
  -4.99770127529679619727e+00
  -4.49160437044373495041e+00
  -2.94873073831828191871e+00
  -7.25214923056957339043e-01
  +1.66569897371027542121e+00
  +3.67212710811867637517e+00
  +4.83093474631064090374e+00
  +4.87463956090912198249e+00
  +3.79315336717919127096e+00
  +1.83611073309472461190e+00
  -5.44753039221332446829e-01
  -2.79987393068793810613e+00
  -4.40871258284258082938e+00
  -4.99990804424735735267e+00
  -4.43699733973762366901e+00
  -2.84991460193830459247e+00
  -6.04998962949751417639e-01
  +1.77956585105030562488e+00
  +3.75336152626361618800e+00
  +4.86078573183538686919e+00
  +4.84621674580136208021e+00
  +3.71301746133161447716e+00
  +1.72275914530599449925e+00
  -6.65155874480645836755e-01
  -2.89953597137686713836e+00
  -4.46462929074782355343e+00
  -4.99917241852015870052e+00
  -4.37977918153830447778e+00
  -2.74942132000232719591e+00
  -4.84426967148842146926e-01
  +1.89238547211231677991e+00
  +3.83238712959019123261e+00
  +4.88777619473844548992e+00
  +4.81494198177095533708e+00
  +3.63069648273470502176e+00
  +1.60839373140365937687e+00
  -7.85167272319984066442e-01
  -2.99749166484207529848e+00
  -4.51791861003977501809e+00
  -4.99549483102340552421e+00
  -4.31998356814591222275e+00
  -2.64731003177757262534e+00
  -3.63569891038997339283e-01
  +2.00409144370468439433e+00
  +3.90915741234018021544e+00
  +4.91189025140875568098e+00
  +4.78083367369625467092e+00
  +3.54623887644128066299e+00
  +1.49308179426280229762e+00
  -9.04716607260738436835e-01
  -3.09368336516116748669e+00
  -4.56854918049966762794e+00
  -4.98887744597968030291e+00
  -4.25764568866653636547e+00
  -2.54364082871145535947e+00
  -2.42498857771827724950e-01
  +2.11461802800728726481e+00
  +3.98362719598838044277e+00
  +4.93311371097096351690e+00
  +4.74391189396720491800e+00
  +3.45969434488772753511e+00
  +1.37689119377733604210e+00
  -1.02373352574379472557e+00
  -3.18805446450359131205e+00
  -4.61649120655537892333e+00
  -4.97932415765230018678e+00
  -4.19280222830385884691e+00
  -2.43847471906819812659e+00
  -1.21285116410326951342e-01
  +2.22390018125708666119e+00
  +4.05575265582983934820e+00
  +4.95143408363648607207e+00
  +4.70419837067308677092e+00
  +3.37111381864447690049e+00
  +1.25989030692561732039e+00
  -1.14214798753139068488e+00
  -3.28054942644399183393e+00
  -4.66171647481557194226e+00
  -4.96684058805362038669e+00
  -4.12549134677013551453e+00
  -2.33187359202627275678e+00
  -2.44929359829470643407e-14
</dep>
<dep _net0.Vt time>
  +0.00000000000000000000e+00
  +2.32271509204241954905e+00
  +4.09107911283791203516e+00
  +4.89704417418006165974e+00
  +4.55471086759127530286e+00
  +3.14323278640659831140e+00
  +9.88559550094580852253e-01
  -1.41182312119325970023e+00
  -3.50370385307578802170e+00
  -4.80409432275864922701e+00
  -5.01269816632086850916e+00
  -4.08123033492381281917e+00
  -2.22456666941119518555e+00
  +1.28857213290486660728e-01
  +2.43593978411384304295e+00
  +4.16427527975107381053e+00
  +4.91504652524778151701e+00
  +4.51508210673231236143e+00
  +3.05682875335211612366e+00
  +8.77012284237173700419e-01
  -1.52108681307733073496e+00
  -3.58380191002549919332e+00
  -4.83488296109867032868e+00
  -4.98545119513081935736e+00
  -4.00060976499617737545e+00
  -2.10756581306798329578e+00
  +2.56825694730003439847e-01
  +2.54692116402998891544e+00
  +4.23422340413831577166e+00
  +4.92937467502439563560e+00
  +4.47203007711774169763e+00
  +2.96786924623037062787e+00
  +7.64202807800052896781e-01
  -1.63019556132937193382e+00
  -3.66252664687782747421e+00
  -4.86356422924957687570e+00
  -4.95599110108946572240e+00
  -3.91832520065263434361e+00
  -1.99001584964379807374e+00
  +3.83958201089344142165e-01
  +2.65572405884799822573e+00
  +4.30100475049644792591e+00
  +4.94013123743913862285e+00
  +4.42567970924259501686e+00
  +2.87650076132976639798e+00
  +6.50285655528537454018e-01
  -1.73899793049391382382e+00
  -3.73974273228078635256e+00
  -4.89002690330642675320e+00
  -4.92423734024957315825e+00
  -3.83437994876176979631e+00
  -1.87192487830799869641e+00
  +5.10237932874788135962e-01
  +2.76234006156100386775e+00
  +4.36463121463863856775e+00
  +4.94735555835691442894e+00
  +4.37609853398058223917e+00
  +2.78281316815384061059e+00
  +5.35361957915140962427e-01
  -1.84740018234835612354e+00
  -3.81536833772906502915e+00
  -4.91420982626375923985e+00
  -4.89019308088564841341e+00
  -3.74877077440907635619e+00
  -1.75332475253842345886e+00
  +6.35631082380125445042e-01
  +2.86675591505582882945e+00
  +4.42512123426843118068e+00
  +4.95110926754897562319e+00
  +4.32339175959728638787e+00
  +2.68694546846887316605e+00
  +4.19586813303204686498e-01
  -1.95523848706649272522e+00
  -3.88927908182076587096e+00
  -4.93604421177623198247e+00
  -4.85381761948483436697e+00
  -3.66150138343644826477e+00
  -1.63423763463228022275e+00
  +7.60111559994954610886e-01
  +2.96894457160908142868e+00
  +4.48248679770168756420e+00
  +4.95145028284523647244e+00
  +4.26766253396045236457e+00
  +2.58903480300809230030e+00
  +3.03112174998321604047e-01
  -2.06237935334026190048e+00
  -3.96135842344309274665e+00
  -4.95540332322608545468e+00
  -4.81501058919772084721e+00
  -3.57250085065886491265e+00
  -1.51460750992505555068e+00
  +8.83725156870213468530e-01
  +3.06897095352784132771e+00
  +4.53677264377340527801e+00
  +4.94842718124662628298e+00
  +4.20896083341172300152e+00
  +2.48913219110027261749e+00
  +1.85989444064042941385e-01
  -2.16877481483672696072e+00
  -4.03155246177063109059e+00
  -4.97230077646442314432e+00
  -4.77380526648209180252e+00
  -3.48181844640102511335e+00
  -1.39449881482694615364e+00
  +1.00641110299764968694e+00
  +3.16678165013781720560e+00
  +4.58800162380208131907e+00
  +4.94210136111882292198e+00
  +4.14738083117400524458e+00
  +2.38735640700858153807e+00
  +6.83482749297807945510e-02
  -2.27429875302321615749e+00
  -4.09977136105897077556e+00
  -4.98666704885570055694e+00
  -4.73019673511680149858e+00
  -3.38949890147815713348e+00
  -1.27398067562170402844e+00
  +1.12809573568198762139e+00
  +3.26232893379635680020e+00
  +4.63612929970444476169e+00
  +4.93245256635508777521e+00
  +4.08295536245363521743e+00
  +2.28377932267665340049e+00
  -4.97242777952966175103e-02
  -2.37886817673005701579e+00
  -4.16597186652827744524e+00
  -4.99847195131311750060e+00
  -4.68415228688491325215e+00
  -3.29551236093374821934e+00
  -1.15303256092457395710e+00
  +1.24880086780010324254e+00
  +3.35563584926949909359e+00
  +4.68121306310069762446e+00
  +4.91960698781080285613e+00
  +4.01584130871568056875e+00
  +2.17857885510943471985e+00
  -1.68043094094739525746e-01
  -2.48231449764753486775e+00
  -4.22999302837497648255e+00
  -5.00762081093863997694e+00
  -4.63565277596590163967e+00
  -3.19990023366181741693e+00
  -1.03172343419936241027e+00
  +1.36845482338891888396e+00
  +3.44665952600594227562e+00
  +4.72323499668970292475e+00
  +4.90356164847887665559e+00
  +3.94606169427460651278e+00
  +2.07179636219022844656e+00
  -2.86560664942662191024e-01
  -2.58459922047523749100e+00
  -4.29183387226818258142e+00
  -5.01413281228163310033e+00
  -4.58475531691172388804e+00
  -3.10274135220820168612e+00
  -9.10149593382153065946e-01
  +1.48696338133136563009e+00
  +3.53532928423470815815e+00
  +4.76216611255071686770e+00
  +4.88433567069805096850e+00
  +3.87367994254438130497e+00
  +1.96352532087353304213e+00
  -4.05174526679328905754e-01
  -2.68562100817831828081e+00
  -4.35138808981361080441e+00
  -5.01793405488341104359e+00
  -4.53136318835893359136e+00
  -3.00394882653822303809e+00
  -7.88217808129150543373e-01
  +1.60442123562509486590e+00
  +3.62172247919547629635e+00
  +4.79807962312640423619e+00
  +4.86199760738395614368e+00
  +3.79876037969148683260e+00
  +1.85382773759233043798e+00
  -5.23823044489359679332e-01
  -2.78533260715390396101e+00
  -4.40865022799017136634e+00
  -5.01903642709970920777e+00
  -4.47556238462176647630e+00
  -2.90363990083347456306e+00
  -6.66073155224543689279e-01
  +1.72068574389452133566e+00
  +3.70574706643289886188e+00
  +4.83094284806307605606e+00
  +4.83658373181476441971e+00
  +3.72140189017179290332e+00
  +1.74284367400599582432e+00
  -6.42355562480989350505e-01
  -2.88359761635146272241e+00
  -4.46351352749716667745e+00
  -5.01738551434958779396e+00
  -4.41733312830193192156e+00
  -2.80183131747861846605e+00
  -5.43746878664298050055e-01
  +1.83572870133629084677e+00
  +3.78738352184481641416e+00
  +4.86075736987742423878e+00
  +4.80811941614965920877e+00
  +3.64165080410360575414e+00
  +1.63063293349255888920e+00
  -7.60709545690151922592e-01
  -2.98036360827970314702e+00
  -4.51594652271369767504e+00
  -5.01297683834217799870e+00
  -4.35669773405635130104e+00
  -2.69856581464985900709e+00
  -4.21291065822190891055e-01
  +1.94950236306770263717e+00
  +3.86660360642037526091e+00
  +4.88752529390425838329e+00
  +4.77664091106256716301e+00
  +3.55957340390293186516e+00
  +1.51728075179871657596e+00
  -8.78796290832791870962e-01
  -3.07555473052854511096e+00
  -4.56589959617915930323e+00
  -5.00579437667422944003e+00
  -4.29367341153559589628e+00
  -2.59388583148441353998e+00
  -2.98759590147683995465e-01
  +2.06195782506974101267e+00
  +3.94337861171668579985e+00
  +4.91124864147778161794e+00
  +4.74218437859249331012e+00
  +3.47523549286974020589e+00
  +1.40287120248635144293e+00
  -9.96529071696506285605e-01
  -3.16909786328900500152e+00
  -4.61332638175689524473e+00
  -4.99582551741865632522e+00
  -4.22828054070386816221e+00
  -2.48783639040793813635e+00
  -1.76208107029974886393e-01
  +2.17304523502234259169e+00
  +4.01767955740849291857e+00
  +4.93192952800774619959e+00
  +4.70478604874899009047e+00
  +3.38870253298167556366e+00
  +1.28748732261558074264e+00
  -1.11382301636526492850e+00
  -3.26092248990737276770e+00
  -4.65818362077135628141e+00
  -4.98306089671380192385e+00
  -4.16054249131936515482e+00
  -2.38046490340914651540e+00
  -5.36938551015734566452e-02
  +2.28271398630862343282e+00
  +4.08947737174336634070e+00
  +4.94957032387795425876e+00
  +4.66448235908758679358e+00
  +3.30003976602881010649e+00
  +1.17121122230923613294e+00
  -1.23059499995339716172e+00
  -3.35096058238130733997e+00
  -4.70043103266270279050e+00
  -4.96749425066236938164e+00
  -4.09048545675123254028e+00
  -2.27182099288103822587e+00
  +6.87245275395167998234e-02
</dep>
