#todas las mediciones realizadas en °C
#tsi		dtsi		tse		dtse
22,88		2,29		24,11		2,41
22,88		2,29		24,02		2,40
22,88		2,29		23,93		2,39
22,88		2,29		23,85		2,39
22,88		2,29		23,85		2,39
22,88		2,29		23,85		2,39
22,88		2,29		23,85		2,39
22,88		2,29		23,76		2,38
22,88		2,29		23,67		2,37
22,88		2,29		23,67		2,37
22,88		2,29		23,58		2,36
22,88		2,29		23,58		2,36
22,88		2,29		23,49		2,35
22,88		2,29		23,49		2,35
22,88		2,29		23,49		2,35
22,88		2,29		23,41		2,34
22,79		2,28		23,41		2,34
22,79		2,28		23,32		2,33
22,79		2,28		23,32		2,33
22,79		2,28		23,23		2,32
22,79		2,28		23,23		2,32
22,7		2,27		23,23		2,32
22,7		2,27		23,14		2,31
22,7		2,27		23,14		2,31
22,7		2,27		23,14		2,31
22,7		2,27		23,14		2,31
22,7		2,27		23,14		2,31
22,79		2,28		23,23		2,32
22,79		2,28		23,23		2,32
22,79		2,28		23,23		2,32
22,79		2,28		23,23		2,32
22,79		2,28		23,41		2,34
22,79		2,28		23,32		2,33
22,88		2,29		23,32		2,33
22,79		2,28		23,41		2,34
22,79		2,28		23,41		2,34
22,88		2,29		23,41		2,34
22,79		2,28		23,41		2,34
22,88		2,29		23,41		2,34
22,88		2,29		23,41		2,34
22,88		2,29		23,32		2,33
22,88		2,29		23,32		2,33
22,88		2,29		23,32		2,33
22,88		2,29		23,32		2,33
22,88		2,29		23,23		2,32
22,88		2,29		23,23		2,32
22,88		2,29		23,23		2,32
22,88		2,29		23,23		2,32
22,88		2,29		23,23		2,32
22,88		2,29		23,23		2,32
22,88		2,29		23,23		2,32
22,88		2,29		23,23		2,32
22,88		2,29		23,23		2,32
22,96		2,30		23,23		2,32
22,96		2,30		23,23		2,32
22,96		2,30		23,23		2,32
22,96		2,30		23,23		2,32
22,96		2,30		23,23		2,32
22,96		2,30		23,23		2,32
22,96		2,30		23,14		2,31
22,96		2,30		23,14		2,31
22,96		2,30		23,14		2,31
22,88		2,29		23,14		2,31
22,96		2,30		23,14		2,31
22,88		2,29		23,23		2,32
22,88		2,29		23,14		2,31
22,88		2,29		23,14		2,31
22,88		2,29		23,14		2,31
22,88		2,29		23,14		2,31
22,88		2,29		23,05		2,31
22,88		2,29		23,05		2,31
22,88		2,29		23,05		2,31
22,88		2,29		23,14		2,31
22,88		2,29		23,14		2,31
22,88		2,29		23,14		2,31
22,88		2,29		23,14		2,31
22,88		2,29		23,14		2,31
22,88		2,29		23,14		2,31
22,88		2,29		23,05		2,31
22,88		2,29		23,05		2,31
22,88		2,29		23,05		2,31
22,88		2,29		23,05		2,31
22,88		2,29		23,05		2,31
22,88		2,29		23,05		2,31
22,88		2,29		23,05		2,31
22,88		2,29		23,05		2,31
22,88		2,29		23,05		2,31
22,88		2,29		23,05		2,31
22,88		2,29		23,05		2,31
22,88		2,29		23,05		2,31
22,88		2,29		23,05		2,31
22,88		2,29		23,05		2,31
22,88		2,29		23,05		2,31
22,88		2,29		23,05		2,31
22,88		2,29		23,05		2,31
22,88		2,29		23,05		2,31
22,88		2,29		23,05		2,31
22,96		2,30		23,05		2,31
22,96		2,30		23,05		2,31
22,96		2,30		23,05		2,31
22,96		2,30		23,05		2,31
2,88		0,29		23,05		2,31
22,96		2,30		23,05		2,31
22,88		2,29		23,05		2,31
22,88		2,29		23,05		2,31
22,88		2,29		23,05		2,31
22,88		2,29		23,05		2,31
22,88		2,29		23,14		2,31
22,88		2,29		23,14		2,31
22,79		2,28		23,05		2,31
22,79		2,28		23,05		2,31
22,79		2,28		23,05		2,31
22,79		2,28		23,05		2,31
22,79		2,28		23,05		2,31
22,79		2,28		23,05		2,31
22,79		2,28		22,96		2,30
22,79		2,28		23,05		2,31
22,79		2,28		23,05		2,31
22,79		2,28		23,05		2,31
22,88		2,29		23,05		2,31
22,88		2,29		23,05		2,31
22,88		2,29		22,96		2,30
22,88		2,29		22,96		2,30
22,88		2,29		22,96		2,30
22,88		2,29		22,96		2,30
22,88		2,29		22,96		2,30
22,88		2,29		23,05		2,31
22,88		2,29		23,14		2,31
22,88		2,29		23,14		2,31
22,88		2,29		23,14		2,31
22,88		2,29		23,05		2,31
22,88		2,29		23,05		2,31
22,88		2,29		23,05		2,31
22,88		2,29		23,05		2,31
22,88		2,29		23,05		2,31
22,88		2,29		23,04		2,30
22,96		2,30		23,14		2,31
22,96		2,30		23,14		2,31
22,88		2,29		23,05		2,31
22,88		2,29		23,05		2,31
22,88		2,29		23,05		2,31
22,88		2,29		23,14		2,31
22,88		2,29		23,14		2,31
22,88		2,29		23,14		2,31
22,88		2,29		23,14		2,31
22,88		2,29		23,14		2,31
22,88		2,29		23,14		2,31
22,88		2,29		23,14		2,31
22,88		2,29		23,05		2,31
22,88		2,29		23,05		2,31
22,88		2,29		23,05		2,31
22,88		2,29		22,96		2,30
22,88		2,29		22,96		2,30
22,88		2,29		22,96		2,30
22,88		2,29		22,96		2,30
22,88		2,29		22,96		2,30
22,8		2,28		22,96		2,30
22,88		2,29		22,96		2,30
22,88		2,29		22,96		2,30
22,88		2,29		22,96		2,30
22,88		2,29		22,96		2,30
22,88		2,29		22,96		2,30
22,88		2,29		22,96		2,30
22,88		2,29		22,96		2,30
22,88		2,29		22,88		2,29
22,88		2,29		22,88		2,29
22,88		2,29		22,88		2,29
22,88		2,29		22,88		2,29
22,88		2,29		22,88		2,29
22,88		2,29		22,79		2,28
22,88		2,29		22,79		2,28
22,88		2,29		22,79		2,28
22,88		2,29		22,79		2,28
22,88		2,29		22,79		2,28
22,88		2,29		22,88		2,29
22,88		2,29		22,79		2,28
22,88		2,29		22,79		2,28
22,88		2,29		22,88		2,29
22,88		2,29		22,88		2,29
22,88		2,29		22,88		2,29
22,88		2,29		22,79		2,28
22,88		2,29		22,79		2,28
22,88		2,29		22,79		2,28
22,88		2,29		22,79		2,28
22,88		2,29		22,79		2,28
22,88		2,29		22,88		2,29
22,96		2,30		22,88		2,29
22,88		2,29		22,88		2,29
22,88		2,29		22,88		2,29
22,88		2,29		22,88		2,29
22,88		2,29		22,88		2,29
22,88		2,29		22,88		2,29
22,88		2,29		22,96		2,30
22,88		2,29		22,88		2,29
22,88		2,29		22,96		2,30
22,96		2,30		22,96		2,30
22,96		2,30		22,96		2,30
22,96		2,30		22,96		2,30
22,96		2,30		22,96		2,30
22,96		2,30		22,96		2,30
22,96		2,30		22,96		2,30
22,96		2,30		22,96		2,30
22,96		2,30		22,96		2,30
22,96		2,30		22,96		2,30
22,88		2,29		22,96		2,30
22,96		2,30		22,96		2,30
22,96		2,30		22,96		2,30
22,96		2,30		22,96		2,30
22,96		2,30		22,96		2,30
22,96		2,30		22,96		2,30
22,96		2,30		22,96		2,30
22,96		2,30		22,96		2,30
22,99		2,30		22,96		2,30
22,96		2,30		22,96		2,30
22,96		2,30		22,96		2,30
22,96		2,30		22,96		2,30
22,96		2,30		22,96		2,30
22,88		2,29		22,96		2,30
22,96		2,30		22,96		2,30
22,96		2,30		22,96		2,30
22,96		2,30		22,96		2,30
22,96		2,30		22,96		2,30
22,96		2,30		22,96		2,30
22,96		2,30		22,88		2,29
22,96		2,30		22,88		2,29
22,96		2,30		22,88		2,29
22,96		2,30		22,88		2,29
22,96		2,30		22,88		2,29
22,96		2,30		22,88		2,29
22,96		2,30		22,88		2,29
22,96		2,30		22,88		2,29
22,96		2,30		22,88		2,29
22,96		2,30		22,88		2,29
22,96		2,30		22,88		2,29
22,96		2,30		22,79		2,28
22,96		2,30		22,79		2,28
22,88		2,29		22,79		2,28
22,96		2,30		22,79		2,28
22,88		2,29		22,88		2,29
22,88		2,29		22,88		2,29
22,96		2,30		22,88		2,29
22,88		2,29		22,88		2,29
22,88		2,29		22,88		2,29
22,88		2,29		22,88		2,29
22,96		2,30		22,88		2,29
22,88		2,29		22,88		2,29
22,88		2,29		22,88		2,29
22,96		2,30		22,88		2,29
22,88		2,29		22,88		2,29
22,88		2,29		22,88		2,29
22,88		2,29		22,96		2,30
22,88		2,29		22,96		2,30
22,88		2,29		22,88		2,29
22,88		2,29		22,96		2,30
22,88		2,29		22,96		2,30
22,88		2,29		22,88		2,29
22,88		2,29		22,88		2,29
22,88		2,29		22,88		2,29
22,88		2,29		22,88		2,29
22,88		2,29		22,88		2,29
22,88		2,29		22,88		2,29
22,88		2,29		22,88		2,29
22,88		2,29		22,88		2,29
22,88		2,29		22,88		2,29
22,88		2,29		22,88		2,29
22,88		2,29		22,88		2,29
22,88		2,29		22,88		2,29
22,88		2,29		22,88		2,29
22,88		2,29		22,88		2,29
22,88		2,29		22,88		2,29
22,88		2,29		22,88		2,29
22,88		2,29		22,88		2,29
22,88		2,29		22,88		2,29
22,88		2,29		22,88		2,29
22,88		2,29		22,88		2,29
22,88		2,29		22,88		2,29
22,88		2,29		22,88		2,29
22,88		2,29		22,88		2,29
22,88		2,29		22,88		2,29
22,88		2,29		22,88		2,29
22,96		2,30		22,88		2,29
22,88		2,29		22,88		2,29
22,88		2,29		22,88		2,29
22,88		2,29		22,88		2,29
22,88		2,29		22,88		2,29
22,88		2,29		22,88		2,29
22,88		2,29		22,88		2,29
22,88		2,29		22,88		2,29
22,88		2,29		22,88		2,29
22,88		2,29		22,88		2,29
22,88		2,29		22,88		2,29
22,88		2,29		22,88		2,29
22,88		2,29		22,88		2,29
22,88		2,29		22,88		2,29
22,88		2,29		22,88		2,29
22,88		2,29		22,88		2,29
22,88		2,29		22,88		2,29
22,88		2,29		22,88		2,29
22,88		2,29		22,88		2,29
22,88		2,29		22,88		2,29
22,96		2,30		22,88		2,29
22,88		2,29		22,88		2,29
22,88		2,29		22,88		2,29
22,96		2,30		22,88		2,29
22,96		2,30		22,88		2,29
22,88		2,29		22,88		2,29
22,96		2,30		22,88		2,29
22,88		2,29		22,88		2,29
22,88		2,29		22,88		2,29
22,88		2,29		22,88		2,29
22,88		2,29		22,88		2,29
22,88		2,29		22,88		2,29
22,88		2,29		22,88		2,29
22,88		2,29		22,88		2,29
22,88		2,29		22,88		2,29
22,88		2,29		22,88		2,29
22,88		2,29		22,88		2,29
22,88		2,29		22,88		2,29
22,88		2,29		22,88		2,29
22,88		2,29		22,88		2,29
22,88		2,29		22,79		2,28
22,88		2,29		22,79		2,28
22,96		2,30		22,79		2,28
22,88		2,29		22,79		2,28
22,88		2,29		22,88		2,29
22,88		2,29		22,88		2,29
22,88		2,29		22,88		2,29
22,96		2,30		22,88		2,29
22,88		2,29		22,88		2,29
22,88		2,29		22,88		2,29
22,96		2,30		22,88		2,29
22,88		2,29		22,88		2,29
22,88		2,29		22,88		2,29
22,88		2,29		22,88		2,29
22,96		2,30		22,88		2,29
22,88		2,29		22,88		2,29
22,88		2,29		22,88		2,29
22,96		2,30		22,88		2,29
22,88		2,29		22,88		2,29
22,96		2,30		22,88		2,29
22,96		2,30		22,88		2,29
22,96		2,30		22,88		2,29
22,96		2,30		22,88		2,29
22,96		2,30		22,88		2,29
22,96		2,30		22,88		2,29
22,96		2,30		22,88		2,29
22,96		2,30		22,88		2,29
22,96		2,30		22,88		2,29
22,96		2,30		22,79		2,28
22,88		2,29		22,88		2,29
22,88		2,29		22,88		2,29
22,96		2,30		22,88		2,29
22,88		2,29		22,88		2,29
22,88		2,29		22,88		2,29
22,88		2,29		22,88		2,29
22,88		2,29		22,88		2,29
22,88		2,29		22,88		2,29
22,88		2,29		22,88		2,29
22,88		2,29		22,88		2,29
22,88		2,29		22,96		2,30
22,88		2,29		22,96		2,30
22,88		2,29		22,96		2,30
22,88		2,29		22,96		2,30
22,88		2,29		22,96		2,30
22,88		2,29		22,96		2,30
22,88		2,29		22,96		2,30
22,88		2,29		22,96		2,30
22,88		2,29		22,96		2,30
22,88		2,29		22,88		2,29
22,88		2,29		22,96		2,30
22,88		2,29		23,05		2,31
22,88		2,29		23,05		2,31
22,88		2,29		23,05		2,31
