<Qucs Dataset 0.0.20>
<indep vin 20>
  +0.00000000000000000000e+00
  +2.63157894736842090655e-01
  +5.26315789473684181310e-01
  +7.89473684210526327476e-01
  +1.05263157894736836262e+00
  +1.31578947368421039776e+00
  +1.57894736842105265495e+00
  +1.84210526315789469010e+00
  +2.10526315789473672524e+00
  +2.36842105263157876038e+00
  +2.63157894736842079553e+00
  +2.89473684210526283067e+00
  +3.15789473684210530990e+00
  +3.42105263157894734505e+00
  +3.68421052631578938019e+00
  +3.94736842105263141534e+00
  +4.21052631578947345048e+00
  +4.47368421052631592971e+00
  +4.73684210526315752077e+00
  +5.00000000000000000000e+00
</indep>
<dep voltaje.V vin>
  +0.00000000000000000000e+00
  +2.63157332523224374299e-01
  +5.26314536173273173070e-01
  +7.89471148312420156756e-01
  +1.05262504555881930557e+00
  +1.31576648343039748212e+00
  +1.57885076997076434502e+00
  +1.84167349165367499886e+00
  +2.10331126614221775029e+00
  +2.35981484823449250143e+00
  +2.59751088663015750058e+00
  +2.79058275504253838761e+00
  +2.92768139483124878453e+00
  +3.02259087721831765094e+00
  +3.09139231169910644326e+00
  +3.14407294502025269622e+00
  +3.18625986026201468704e+00
  +3.22122244192352580328e+00
  +3.25096766524673608245e+00
  +3.27679496225531385889e+00
</dep>
<dep vVerde.V vin>
  +0.00000000000000000000e+00
  +2.63157313683530846848e-01
  +5.26314327736213338760e-01
  +7.89469402059260638715e-01
  +1.05261192058910713065e+00
  +1.31567322844206313626e+00
  +1.57821186201085095213e+00
  +1.83748930301896917783e+00
  +2.07955491630124367219e+00
  +2.26949998726173296504e+00
  +2.39342891656064438166e+00
  +2.47384739461461089505e+00
  +2.53033675175985806050e+00
  +2.57298415995466678297e+00
  +2.60692119812475464613e+00
  +2.63496998546702165811e+00
  +2.65880981963604767770e+00
  +2.67950787673693913149e+00
  +2.69777932940649156635e+00
  +2.71412451225188577908e+00
</dep>
<dep vRojo.V vin>
  +0.00000000000000000000e+00
  +2.63157257949101719419e-01
  +5.26313295484243659494e-01
  +7.89454632900976727150e-01
  +1.05241925176213912962e+00
  +1.31330793539862855646e+00
  +1.55465198818192829044e+00
  +1.72291851593608535964e+00
  +1.81661421105272458121e+00
  +1.87377319139838016682e+00
  +1.91341966113015105044e+00
  +1.94338484348706885818e+00
  +1.96733948768569288923e+00
  +1.98724067729865594423e+00
  +2.00423949395785916394e+00
  +2.01906488720312848884e+00
  +2.03220545128018770242e+00
  +2.04400364789983157721e+00
  +2.05470830654659009085e+00
  +2.06450564229643207526e+00
</dep>
<dep Vinf.V vin>
  +0.00000000000000000000e+00
  +2.63157187259778380106e-01
  +5.26311092667676727608e-01
  +7.89402312735764777329e-01
  +1.05131364756307399411e+00
  +1.29546487837216006689e+00
  +1.45606434775213289257e+00
  +1.53727743775745917532e+00
  +1.58514741231059996807e+00
  +1.61806540000681442493e+00
  +1.64290391338711661007e+00
  +1.66276915044059925286e+00
  +1.67929158685862689460e+00
  +1.69342319873776792072e+00
  +1.70576469060898627816e+00
  +1.71671801108812371872e+00
  +1.72656469298259307443e+00
  +1.73550926639700642262e+00
  +1.74370482180631314328e+00
  +1.75126882679876372251e+00
</dep>
<dep V1.I vin>
  +0.00000000000000000000e+00
  -5.62213617713298344351e-09
  -1.25330041097165251522e-08
  -2.53589810619630106506e-08
  -6.53338854900484641572e-08
  -2.29902538128952172480e-07
  -9.65984502883867919288e-07
  -4.31771504219479333909e-06
  -1.95189175251888302721e-05
  -8.60620439708604444097e-05
  -3.40680607382633498115e-04
  -1.04154087062724334638e-03
  -2.30213342010856473335e-03
  -3.98461754360630079214e-03
  -5.92818214616682923057e-03
  -8.03295476032378497067e-03
  -1.02426645552745870099e-02
  -1.25246176860278994603e-02
  -1.48587444001642143832e-02
  -1.72320503774468641867e-02
</dep>
<dep corriente.I vin>
  +0.00000000000000000000e+00
  +5.62213632055744356074e-09
  +1.25330043222524871039e-08
  +2.53589803860755386960e-08
  +6.53338868609496237737e-08
  +2.29902539497232493043e-07
  +9.65984505866304596130e-07
  +4.31771504393199608051e-06
  +1.95189175238116258506e-05
  +8.60620439716224623541e-05
  +3.40680607380258553257e-04
  +1.04154087062836029146e-03
  +2.30213342010958258235e-03
  +3.98461754360493469740e-03
  +5.92818214616369285053e-03
  +8.03295476032751115669e-03
  +1.02426645552769271519e-02
  +1.25246176860241698048e-02
  +1.48587444001645474501e-02
  +1.72320503774520891738e-02
</dep>
<dep V4.I vin>
  +0.00000000000000000000e+00
  -7.07477063718394582657e-09
  -4.69680600750163745147e-08
  -7.13714747616040780164e-07
  -1.31793138429436973961e-05
  -2.03245953120504243335e-04
  -1.22883020668919807489e-03
  -3.04827825400435332634e-03
  -5.20115745584136777990e-03
  -7.50355652624764245251e-03
  -9.88675033981304199338e-03
  -1.23196769166466352230e-02
  -1.47860314998347862347e-02
  -1.72762943284117953535e-02
  -1.97844583570680292162e-02
  -2.23065040996450747457e-02
  -2.48396162280688052870e-02
  -2.73817494412930927117e-02
  -2.99313728345684433585e-02
  -3.24873117320123722118e-02
</dep>
<dep corriente3.I vin>
  +0.00000000000000000000e+00
  +7.07477089618024809746e-09
  +4.69680595200104303006e-08
  +7.13714747748918226732e-07
  +1.31793138431939143169e-05
  +2.03245953119972659010e-04
  +1.22883020668960877067e-03
  +3.04827825400573806935e-03
  +5.20115745584263586276e-03
  +7.50355652624858093791e-03
  +9.88675033981502998648e-03
  +1.23196769166464253215e-02
  +1.47860314998383198665e-02
  +1.72762943284121145426e-02
  +1.97844583570685947360e-02
  +2.23065040996455292432e-02
  +2.48396162280717404391e-02
  +2.73817494412914343160e-02
  +2.99313728345692794952e-02
  +3.24873117320125248675e-02
</dep>
<dep V2.I vin>
  +0.00000000000000000000e+00
  -6.36787740346445671112e-09
  -2.49398944047935312437e-08
  -1.90513095495708410662e-07
  -2.12327185229293917309e-06
  -2.48153828558174213031e-05
  -2.42953802391243932389e-04
  -1.19186747221809241984e-03
  -2.88648946842012116276e-03
  -4.94647861233198354175e-03
  -7.18159286238269703451e-03
  -9.51351998618193972490e-03
  -1.19055524915641242761e-02
  -1.43381195428029153266e-02
  -1.67997103235793011911e-02
  -1.92830353384950310691e-02
  -2.17832086450928559540e-02
  -2.42968056262648397781e-02
  -2.68213379871656693032e-02
  -2.93549435770356845210e-02
</dep>
<dep corriente1.I vin>
  +0.00000000000000000000e+00
  +6.36787734211528805523e-09
  +2.49398945525257519493e-08
  +1.90513096228027844688e-07
  +2.12327185131181921622e-06
  +2.48153828581646207507e-05
  +2.42953802391413881080e-04
  +1.19186747221817785497e-03
  +2.88648946842005350855e-03
  +4.94647861233259156233e-03
  +7.18159286238329030994e-03
  +9.51351998618303607014e-03
  +1.19055524915651616408e-02
  +1.43381195428052173046e-02
  +1.67997103235830412549e-02
  +1.92830353384958498586e-02
  +2.17832086450957460033e-02
  +2.42968056262680212609e-02
  +2.68213379871696661061e-02
  +2.93549435770346159313e-02
</dep>
<dep V3.I vin>
  +0.00000000000000000000e+00
  -5.81053311254418483756e-09
  -1.46173747080536237987e-08
  -4.28215126573726630085e-08
  -1.96583582611359053834e-07
  -1.16245242147192205476e-06
  -7.35506410201611957554e-06
  -4.61596013892520736356e-05
  -2.57082415934929567683e-04
  -9.89210653698456825883e-04
  -2.38150030807776375702e-03
  -4.20889447490651984196e-03
  -6.27557985082247138386e-03
  -8.48068471624280513510e-03
  -1.07728932819103461610e-02
  -1.31239843558560928538e-02
  -1.55171649615342584216e-02
  -1.79417633378937645128e-02
  -2.03906277585666588503e-02
  -2.28587548774811452623e-02
</dep>
<dep corriente2.I vin>
  +0.00000000000000000000e+00
  +5.81053312945830038397e-09
  +1.46173750433034211182e-08
  +4.28215123583701186545e-08
  +1.96583582575445995070e-07
  +1.16245242177163682809e-06
  +7.35506410259079161971e-06
  +4.61596013910543767882e-05
  +2.57082415932272242368e-04
  +9.89210653698243888576e-04
  +2.38150030807876816191e-03
  +4.20889447490634810434e-03
  +6.27557985082319302883e-03
  +8.48068471624601610825e-03
  +1.07728932819149275657e-02
  +1.31239843558550450808e-02
  +1.55171649615317552157e-02
  +1.79417633378976849878e-02
  +2.03906277585684560238e-02
  +2.28587548774809128094e-02
</dep>
<dep _net7.V vin>
  +0.00000000000000000000e+00
  +2.63157257949101719419e-01
  +5.26313295484243659494e-01
  +7.89454632900976727150e-01
  +1.05241925176213912962e+00
  +1.31330793539862855646e+00
  +1.55465198818192829044e+00
  +1.72291851593608535964e+00
  +1.81661421105272458121e+00
  +1.87377319139838016682e+00
  +1.91341966113015105044e+00
  +1.94338484348706885818e+00
  +1.96733948768569288923e+00
  +1.98724067729865594423e+00
  +2.00423949395785916394e+00
  +2.01906488720312848884e+00
  +2.03220545128018770242e+00
  +2.04400364789983157721e+00
  +2.05470830654659009085e+00
  +2.06450564229643207526e+00
</dep>
<dep _net10.V vin>
  +0.00000000000000000000e+00
  +2.63157313683530846848e-01
  +5.26314327736213338760e-01
  +7.89469402059260638715e-01
  +1.05261192058910713065e+00
  +1.31567322844206313626e+00
  +1.57821186201085095213e+00
  +1.83748930301896917783e+00
  +2.07955491630124367219e+00
  +2.26949998726173296504e+00
  +2.39342891656064438166e+00
  +2.47384739461461089505e+00
  +2.53033675175985806050e+00
  +2.57298415995466678297e+00
  +2.60692119812475464613e+00
  +2.63496998546702165811e+00
  +2.65880981963604767770e+00
  +2.67950787673693913149e+00
  +2.69777932940649156635e+00
  +2.71412451225188577908e+00
</dep>
<dep _net4.V vin>
  +0.00000000000000000000e+00
  +2.63157187259778380106e-01
  +5.26311092667676727608e-01
  +7.89402312735764777329e-01
  +1.05131364756307399411e+00
  +1.29546487837216006689e+00
  +1.45606434775213289257e+00
  +1.53727743775745917532e+00
  +1.58514741231059996807e+00
  +1.61806540000681442493e+00
  +1.64290391338711661007e+00
  +1.66276915044059925286e+00
  +1.67929158685862689460e+00
  +1.69342319873776792072e+00
  +1.70576469060898627816e+00
  +1.71671801108812371872e+00
  +1.72656469298259307443e+00
  +1.73550926639700642262e+00
  +1.74370482180631314328e+00
  +1.75126882679876372251e+00
</dep>
<dep _net1.V vin>
  +0.00000000000000000000e+00
  +2.63157332523224374299e-01
  +5.26314536173273173070e-01
  +7.89471148312420156756e-01
  +1.05262504555881930557e+00
  +1.31576648343039748212e+00
  +1.57885076997076434502e+00
  +1.84167349165367499886e+00
  +2.10331126614221775029e+00
  +2.35981484823449250143e+00
  +2.59751088663015750058e+00
  +2.79058275504253838761e+00
  +2.92768139483124878453e+00
  +3.02259087721831765094e+00
  +3.09139231169910644326e+00
  +3.14407294502025269622e+00
  +3.18625986026201468704e+00
  +3.22122244192352580328e+00
  +3.25096766524673608245e+00
  +3.27679496225531385889e+00
</dep>
<dep _net5.V vin>
  +0.00000000000000000000e+00
  +0.00000000000000000000e+00
  +0.00000000000000000000e+00
  +0.00000000000000000000e+00
  +0.00000000000000000000e+00
  +0.00000000000000000000e+00
  +0.00000000000000000000e+00
  +0.00000000000000000000e+00
  +0.00000000000000000000e+00
  +0.00000000000000000000e+00
  +0.00000000000000000000e+00
  +0.00000000000000000000e+00
  +0.00000000000000000000e+00
  +0.00000000000000000000e+00
  +0.00000000000000000000e+00
  +0.00000000000000000000e+00
  +0.00000000000000000000e+00
  +0.00000000000000000000e+00
  +0.00000000000000000000e+00
  +0.00000000000000000000e+00
</dep>
<dep _net8.V vin>
  +0.00000000000000000000e+00
  +0.00000000000000000000e+00
  +0.00000000000000000000e+00
  +0.00000000000000000000e+00
  +0.00000000000000000000e+00
  +0.00000000000000000000e+00
  +0.00000000000000000000e+00
  +0.00000000000000000000e+00
  +0.00000000000000000000e+00
  +0.00000000000000000000e+00
  +0.00000000000000000000e+00
  +0.00000000000000000000e+00
  +0.00000000000000000000e+00
  +0.00000000000000000000e+00
  +0.00000000000000000000e+00
  +0.00000000000000000000e+00
  +0.00000000000000000000e+00
  +0.00000000000000000000e+00
  +0.00000000000000000000e+00
  +0.00000000000000000000e+00
</dep>
<dep _net11.V vin>
  +0.00000000000000000000e+00
  +0.00000000000000000000e+00
  +0.00000000000000000000e+00
  +0.00000000000000000000e+00
  +0.00000000000000000000e+00
  +0.00000000000000000000e+00
  +0.00000000000000000000e+00
  +0.00000000000000000000e+00
  +0.00000000000000000000e+00
  +0.00000000000000000000e+00
  +0.00000000000000000000e+00
  +0.00000000000000000000e+00
  +0.00000000000000000000e+00
  +0.00000000000000000000e+00
  +0.00000000000000000000e+00
  +0.00000000000000000000e+00
  +0.00000000000000000000e+00
  +0.00000000000000000000e+00
  +0.00000000000000000000e+00
  +0.00000000000000000000e+00
</dep>
<dep _net9.V vin>
  +0.00000000000000000000e+00
  +2.63157894736842090655e-01
  +5.26315789473684181310e-01
  +7.89473684210526327476e-01
  +1.05263157894736836262e+00
  +1.31578947368421039776e+00
  +1.57894736842105265495e+00
  +1.84210526315789469010e+00
  +2.10526315789473672524e+00
  +2.36842105263157876038e+00
  +2.63157894736842079553e+00
  +2.89473684210526283067e+00
  +3.15789473684210530990e+00
  +3.42105263157894734505e+00
  +3.68421052631578938019e+00
  +3.94736842105263141534e+00
  +4.21052631578947345048e+00
  +4.47368421052631592971e+00
  +4.73684210526315752077e+00
  +5.00000000000000000000e+00
</dep>
<dep _net6.V vin>
  +0.00000000000000000000e+00
  +2.63157894736842090655e-01
  +5.26315789473684181310e-01
  +7.89473684210526327476e-01
  +1.05263157894736836262e+00
  +1.31578947368421039776e+00
  +1.57894736842105265495e+00
  +1.84210526315789469010e+00
  +2.10526315789473672524e+00
  +2.36842105263157876038e+00
  +2.63157894736842079553e+00
  +2.89473684210526283067e+00
  +3.15789473684210530990e+00
  +3.42105263157894734505e+00
  +3.68421052631578938019e+00
  +3.94736842105263141534e+00
  +4.21052631578947345048e+00
  +4.47368421052631592971e+00
  +4.73684210526315752077e+00
  +5.00000000000000000000e+00
</dep>
<dep _net3.V vin>
  +0.00000000000000000000e+00
  +2.63157894736842090655e-01
  +5.26315789473684181310e-01
  +7.89473684210526327476e-01
  +1.05263157894736836262e+00
  +1.31578947368421039776e+00
  +1.57894736842105265495e+00
  +1.84210526315789469010e+00
  +2.10526315789473672524e+00
  +2.36842105263157876038e+00
  +2.63157894736842079553e+00
  +2.89473684210526283067e+00
  +3.15789473684210530990e+00
  +3.42105263157894734505e+00
  +3.68421052631578938019e+00
  +3.94736842105263141534e+00
  +4.21052631578947345048e+00
  +4.47368421052631592971e+00
  +4.73684210526315752077e+00
  +5.00000000000000000000e+00
</dep>
<dep _net2.V vin>
  +0.00000000000000000000e+00
  +0.00000000000000000000e+00
  +0.00000000000000000000e+00
  +0.00000000000000000000e+00
  +0.00000000000000000000e+00
  +0.00000000000000000000e+00
  +0.00000000000000000000e+00
  +0.00000000000000000000e+00
  +0.00000000000000000000e+00
  +0.00000000000000000000e+00
  +0.00000000000000000000e+00
  +0.00000000000000000000e+00
  +0.00000000000000000000e+00
  +0.00000000000000000000e+00
  +0.00000000000000000000e+00
  +0.00000000000000000000e+00
  +0.00000000000000000000e+00
  +0.00000000000000000000e+00
  +0.00000000000000000000e+00
  +0.00000000000000000000e+00
</dep>
<dep _net0.V vin>
  +0.00000000000000000000e+00
  +2.63157894736842090655e-01
  +5.26315789473684181310e-01
  +7.89473684210526327476e-01
  +1.05263157894736836262e+00
  +1.31578947368421039776e+00
  +1.57894736842105265495e+00
  +1.84210526315789469010e+00
  +2.10526315789473672524e+00
  +2.36842105263157876038e+00
  +2.63157894736842079553e+00
  +2.89473684210526283067e+00
  +3.15789473684210530990e+00
  +3.42105263157894734505e+00
  +3.68421052631578938019e+00
  +3.94736842105263141534e+00
  +4.21052631578947345048e+00
  +4.47368421052631592971e+00
  +4.73684210526315752077e+00
  +5.00000000000000000000e+00
</dep>
