19.8
19.72
19.63
19.19
18.67
18.23
17.88
17.62
16.3
16.04
15.86
15.69
15.51
15.33
15.16
15.07
14.98
14.89
14.8
14.71
14.63
14.45
14.36
14.27
14.18
14.1
13.92
13.83
13.74
13.65
13.56
13.21
13.12
13.3
13.38
13.47
13.83
14.01
13.92
13.83
13.74
13.65
13.56
13.47
13.74
13.83
13.92
14.18
14.54
14.8
14.98
15.16
15.33
15.42
15.6
15.69
15.77
15.95
16.04
16.13
16.21
16.3
16.39
16.65
16.74
16.83
16.92
17
17.09
17.35
17.44
17.88
18.23
18.32
18.4
18.49
18.58
19.19
19.28
19.37
19.45
19.54
19.98
20.07
19.98
20.15
20.24
19.8
