#temperatura medida en °C
#TSI DTH11		dtsi 		tse		dtse
23,05		1,15		25,00		1,25
23,05		1,15		24,91		1,25
23,14		1,16		24,82		1,24
23,23		1,16		24,73		1,24
23,32		1,17		24,64		1,23
23,41		1,17		24,64		1,23
23,49		1,17		24,64		1,23
23,58		1,18		24,56		1,23
23,58		1,18		24,47		1,22
23,67		1,18		24,38		1,22
23,76		1,19		24,29		1,21
23,76		1,19		24,29		1,21
23,85		1,19		24,20		1,21
23,85		1,19		24,20		1,21
23,85		1,19		24,11		1,21
23,93		1,20		24,11		1,21
23,93		1,20		24,02		1,20
24,02		1,20		24,02		1,20
24,02		1,20		23,93		1,20
24,02		1,20		23,93		1,20
24,11		1,21		23,93		1,20
24,02		1,20		23,93		1,20
24,11		1,21		23,93		1,20
24,11		1,21		23,93		1,20
24,11		1,21		23,93		1,20
24,11		1,21		23,93		1,20
24,2		1,21		23,93		1,20
24,2		1,21		23,93		1,20
24,2		1,21		23,93		1,20
24,2		1,21		23,93		1,20
24,2		1,21		24,02		1,20
24,2		1,21		24,02		1,20
24,2		1,21		24,02		1,20
24,2		1,21		24,02		1,20
24,29		1,21		23,93		1,20
24,29		1,21		23,93		1,20
24,29		1,21		23,93		1,20
24,29		1,21		23,93		1,20
24,29		1,21		23,93		1,20
24,29		1,21		24,02		1,20
24,29		1,21		24,02		1,20
24,29		1,21		24,02		1,20
24,29		1,21		24,02		1,20
24,29		1,21		24,02		1,20
24,29		1,21		24,02		1,20
24,29		1,21		24,02		1,20
24,29		1,21		24,11		1,21
24,29		1,21		24,11		1,21
24,29		1,21		24,11		1,21
24,29		1,21		24,11		1,21
24,29		1,21		24,11		1,21
24,29		1,21		24,11		1,21
24,29		1,21		24,02		1,20
24,29		1,21		24,02		1,20
24,29		1,21		24,02		1,20
24,29		1,21		24,02		1,20
24,29		1,21		24,02		1,20
24,29		1,21		24,02		1,20
24,29		1,21		24,02		1,20
24,29		1,21		24,02		1,20
24,29		1,21		24,02		1,20
24,29		1,21		24,02		1,20
24,29		1,21		24,02		1,20
24,29		1,21		24,11		1,21
24,29		1,21		24,11		1,21
24,29		1,21		24,02		1,20
24,29		1,21		24,02		1,20
24,29		1,21		24,02		1,20
24,29		1,21		24,02		1,20
24,29		1,21		24,02		1,20
24,29		1,21		24,02		1,20
24,29		1,21		24,02		1,20
24,29		1,21		24,02		1,20
24,29		1,21		24,02		1,20
24,29		1,21		24,02		1,20
24,29		1,21		24,11		1,21
24,29		1,21		24,11		1,21
24,29		1,21		24,11		1,21
24,29		1,21		24,20		1,21
24,29		1,21		24,29		1,21
24,29		1,21		24,38		1,22
24,29		1,21		24,47		1,22
24,29		1,21		24,47		1,22
24,29		1,21		24,56		1,23
24,29		1,21		24,56		1,23
24,29		1,21		24,56		1,23
24,29		1,21		24,47		1,22
24,29		1,21		24,47		1,22
24,29		1,21		24,38		1,22
24,29		1,21		24,38		1,22
24,2		1,21		24,38		1,22
24,29		1,21		24,38		1,22
24,29		1,21		24,38		1,22
24,29		1,21		24,38		1,22
24,29		1,21		24,29		1,21
24,29		1,21		24,29		1,21
24,29		1,21		24,29		1,21
24,29		1,21		24,29		1,21
24,29		1,21		24,29		1,21
24,29		1,21		24,29		1,21
24,29		1,21		24,29		1,21
24,29		1,21		24,29		1,21
24,29		1,21		24,20		1,21
24,2		1,21		24,20		1,21
24,29		1,21		24,20		1,21
24,29		1,21		24,20		1,21
24,29		1,21		24,20		1,21
24,29		1,21		24,20		1,21
24,2		1,21		24,20		1,21
24,2		1,21		24,20		1,21
24,29		1,21		24,20		1,21
24,29		1,21		24,11		1,21
24,29		1,21		24,11		1,21
24,29		1,21		24,11		1,21
24,29		1,21		24,11		1,21
24,29		1,21		24,11		1,21
24,29		1,21		24,11		1,21
24,29		1,21		24,20		1,21
24,29		1,21		24,11		1,21
24,29		1,21		24,20		1,21
24,29		1,21		24,20		1,21
24,29		1,21		24,11		1,21
24,29		1,21		24,11		1,21
24,29		1,21		24,11		1,21
24,29		1,21		24,11		1,21
24,29		1,21		24,11		1,21
24,29		1,21		24,11		1,21
24,29		1,21		24,11		1,21
24,29		1,21		24,20		1,21
24,29		1,21		24,20		1,21
24,29		1,21		24,20		1,21
24,29		1,21		24,20		1,21
24,29		1,21		24,29		1,21
24,29		1,21		24,20		1,21
24,29		1,21		24,20		1,21
24,29		1,21		24,11		1,21
24,29		1,21		24,11		1,21
24,29		1,21		24,11		1,21
24,29		1,21		24,11		1,21
24,29		1,21		24,11		1,21
24,29		1,21		24,11		1,21
24,2		1,21		24,02		1,20
24,02		1,20		24,02		1,20
23,93		1,20		24,02		1,20
23,93		1,20		24,02		1,20
24,02		1,20		24,02		1,20
24,02		1,20		24,02		1,20
24,02		1,20		24,02		1,20
24,11		1,21		24,02		1,20
24,11		1,21		24,02		1,20
24,11		1,21		24,02		1,20
24,11		1,21		24,02		1,20
24,11		1,21		24,02		1,20
24,11		1,21		24,11		1,21
24,11		1,21		24,11		1,21
24,11		1,21		24,02		1,20
24,2		1,21		24,11		1,21
24,2		1,21		24,02		1,20
24,2		1,21		24,02		1,20
24,2		1,21		24,02		1,20
24,2		1,21		24,02		1,20
24,2		1,21		23,93		1,20
24,2		1,21		23,93		1,20
24,2		1,21		24,02		1,20
24,2		1,21		24,11		1,21
24,2		1,21		24,11		1,21
24,2		1,21		24,11		1,21
24,2		1,21		24,11		1,21
24,2		1,21		24,11		1,21
24,2		1,21		24,11		1,21
24,2		1,21		24,11		1,21
24,2		1,21		24,11		1,21
24,2		1,21		24,11		1,21
24,2		1,21		24,02		1,20
24,2		1,21		24,02		1,20
24,2		1,21		24,02		1,20
24,2		1,21		24,02		1,20
24,2		1,21		24,02		1,20
24,2		1,21		24,02		1,20
24,2		1,21		24,02		1,20
24,2		1,21		24,02		1,20
24,2		1,21		24,11		1,21
24,2		1,21		24,11		1,21
24,2		1,21		24,11		1,21
24,2		1,21		24,11		1,21
24,2		1,21		24,11		1,21
24,2		1,21		24,11		1,21
24,2		1,21		24,02		1,20
24,2		1,21		24,11		1,21
24,2		1,21		24,02		1,20
24,29		1,21		24,02		1,20
24,29		1,21		24,02		1,20
24,29		1,21		24,02		1,20
24,29		1,21		23,93		1,20
24,29		1,21		23,93		1,20
24,2		1,21		23,93		1,20
24,29		1,21		24,02		1,20
24,29		1,21		23,93		1,20
24,29		1,21		24,02		1,20
24,29		1,21		24,02		1,20
24,29		1,21		24,02		1,20
24,29		1,21		24,02		1,20
24,29		1,21		23,93		1,20
24,29		1,21		23,85		1,19
24,29		1,21		23,93		1,20
24,29		1,21		23,93		1,20
24,29		1,21		23,93		1,20
24,29		1,21		23,93		1,20
24,29		1,21		23,93		1,20
24,29		1,21		23,93		1,20
24,29		1,21		23,93		1,20
24,29		1,21		23,93		1,20
24,29		1,21		24,02		1,20
24,29		1,21		24,02		1,20
24,29		1,21		23,93		1,20
24,29		1,21		23,93		1,20
24,29		1,21		23,85		1,19
24,29		1,21		23,85		1,19
24,29		1,21		23,85		1,19
24,29		1,21		23,85		1,19
24,29		1,21		23,93		1,20
24,29		1,21		23,93		1,20
24,29		1,21		23,93		1,20
24,29		1,21		24,02		1,20
24,29		1,21		24,02		1,20
24,29		1,21		24,02		1,20
24,29		1,21		24,02		1,20
24,29		1,21		24,02		1,20
24,29		1,21		24,02		1,20
24,29		1,21		24,02		1,20
24,29		1,21		24,02		1,20
24,29		1,21		24,02		1,20
24,29		1,21		24,02		1,20
24,29		1,21		23,93		1,20
24,29		1,21		23,93		1,20
24,29		1,21		23,93		1,20
24,29		1,21		24,02		1,20
24,29		1,21		24,02		1,20
24,29		1,21		24,02		1,20
24,29		1,21		24,11		1,21
24,29		1,21		24,11		1,21
24,29		1,21		24,11		1,21
24,29		1,21		24,11		1,21
24,29		1,21		24,11		1,21
24,29		1,21		24,02		1,20
24,29		1,21		24,02		1,20
24,29		1,21		24,11		1,21
24,29		1,21		24,02		1,20
24,29		1,21		24,02		1,20
24,29		1,21		24,02		1,20
24,29		1,21		24,02		1,20
24,29		1,21		24,02		1,20
24,29		1,21		24,02		1,20
24,29		1,21		24,02		1,20
24,29		1,21		24,02		1,20
24,29		1,21		23,93		1,20
24,29		1,21		23,93		1,20
24,29		1,21		23,93		1,20
24,29		1,21		23,93		1,20
24,29		1,21		23,85		1,19
24,29		1,21		23,85		1,19
24,29		1,21		23,93		1,20
24,29		1,21		23,93		1,20
24,29		1,21		23,93		1,20
24,29		1,21		23,93		1,20
24,29		1,21		23,93		1,20
24,29		1,21		24,02		1,20
24,29		1,21		24,02		1,20
24,29		1,21		24,02		1,20
24,29		1,21		24,02		1,20
24,29		1,21		24,02		1,20
24,2		1,21		24,02		1,20
24,2		1,21		23,93		1,20
24,2		1,21		23,93		1,20
24,29		1,21		23,93		1,20
24,29		1,21		24,02		1,20
24,29		1,21		24,02		1,20
24,29		1,21		24,02		1,20
24,29		1,21		24,02		1,20
24,29		1,21		23,93		1,20
24,29		1,21		23,93		1,20
24,29		1,21		23,93		1,20
24,29		1,21		23,93		1,20
24,29		1,21		23,93		1,20
24,29		1,21		23,93		1,20
24,29		1,21		23,76		1,19
24,29		1,21		23,85		1,19
24,29		1,21		23,93		1,20
24,29		1,21		23,93		1,20
24,29		1,21		23,93		1,20
24,29		1,21		23,93		1,20
24,29		1,21		23,93		1,20
24,29		1,21		23,93		1,20
24,29		1,21		23,85		1,19
24,29		1,21		23,85		1,19
24,29		1,21		23,85		1,19
24,29		1,21		23,85		1,19
24,29		1,21		23,76		1,19
24,29		1,21		23,85		1,19
24,29		1,21		23,85		1,19
24,29		1,21		23,85		1,19
24,29		1,21		23,85		1,19
24,29		1,21		23,93		1,20
24,29		1,21		23,93		1,20
24,29		1,21		23,93		1,20
24,29		1,21		24,02		1,20
24,29		1,21		24,02		1,20
24,29		1,21		24,11		1,21
24,29		1,21		24,02		1,20
24,29		1,21		24,02		1,20
24,29		1,21		24,02		1,20
24,29		1,21		24,02		1,20
24,29		1,21		24,02		1,20
24,29		1,21		24,02		1,20
24,29		1,21		23,93		1,20
24,29		1,21		24,02		1,20
24,29		1,21		24,02		1,20
24,29		1,21		24,02		1,20
24,29		1,21		24,02		1,20
24,29		1,21		24,02		1,20
24,29		1,21		24,02		1,20
24,29		1,21		24,02		1,20
24,29		1,21		24,02		1,20
24,29		1,21		24,02		1,20
24,29		1,21		24,02		1,20
24,29		1,21		24,02		1,20
24,29		1,21		24,02		1,20
24,29		1,21		24,02		1,20
24,29		1,21		24,02		1,20
24,29		1,21		24,11		1,21
24,29		1,21		24,11		1,21
24,29		1,21		24,02		1,20
24,29		1,21		24,02		1,20
24,29		1,21		24,02		1,20
24,29		1,21		24,02		1,20
24,29		1,21		24,02		1,20
24,29		1,21		24,02		1,20
24,29		1,21		24,02		1,20
24,29		1,21		24,02		1,20
24,29		1,21		24,02		1,20
24,29		1,21		24,20		1,21
24,29		1,21		24,20		1,21
24,29		1,21		24,29		1,21
24,29		1,21		24,29		1,21
24,29		1,21		24,38		1,22
24,29		1,21		24,38		1,22
24,29		1,21		24,38		1,22
24,29		1,21		24,38		1,22
24,29		1,21		24,29		1,21
24,29		1,21		24,29		1,21
24,29		1,21		24,29		1,21
24,29		1,21		24,29		1,21
24,29		1,21		24,29		1,21
24,29		1,21		24,29		1,21
24,29		1,21		24,29		1,21
24,29		1,21		24,29		1,21
24,29		1,21		24,29		1,21
24,29		1,21		24,29		1,21
24,29		1,21		24,29		1,21
24,29		1,21		24,29		1,21
24,29		1,21		24,29		1,21
24,29		1,21		24,29		1,21
24,29		1,21		24,29		1,21
24,29		1,21		24,20		1,21
24,29		1,21		24,20		1,21
24,29		1,21		24,11		1,21
24,29		1,21		24,11		1,21
24,29		1,21		24,11		1,21
24,29		1,21		24,11		1,21
24,29		1,21		24,02		1,20
24,29		1,21		24,02		1,20
24,29		1,21		24,02		1,20
24,29		1,21		24,11		1,21
24,29		1,21		24,02		1,20
24,2		1,21		24,02		1,20
24,2		1,21		24,11		1,21
24,2		1,21		24,11		1,21
24,2		1,21		24,20		1,21
24,2		1,21		24,20		1,21
24,2		1,21		24,29		1,21
24,2		1,21		24,29		1,21
24,2		1,21		24,29		1,21
24,2		1,21		24,29		1,21
24,2		1,21		24,29		1,21
24,2		1,21		24,29		1,21
24,2		1,21		24,20		1,21
24,2		1,21		24,29		1,21
24,2		1,21		24,29		1,21
24,2		1,21		24,29		1,21
24,2		1,21		24,38		1,22
24,2		1,21		24,29		1,21
24,2		1,21		24,29		1,21
24,2		1,21		24,29		1,21
24,2		1,21		24,29		1,21
