#temperatura    dt
19,8		2,0
19,8		2,0
19,8		2,0
19,8		2,0
19,8		2,0
19,72		1,97
19,54		1,95
19,45		1,95
19,37		1,94
19,19		1,92
19,1		1,91
19,02		1,90
19,02		1,90
18,83		1,88
18,75		1,88
18,67		1,87
18,58		1,86
18,58		1,86
18,49		1,85
18,49		1,85
18,49		1,85
18,4		1,8
18,4		1,8
18,4		1,8
18,4		1,8
18,32		1,83
18,32		1,83
18,32		1,83
18,32		1,83
18,32		1,83
18,4		1,8
18,4		1,8
18,32		1,83
18,32		1,83
18,23		1,82
18,23		1,82
18,23		1,82
18,14		1,81
18,14		1,81
18,14		1,81
18,05		1,81
17,97		1,80
17,88		1,79
17,97		1,80
17,97		1,80
17,88		1,79
17,79		1,78
17,7		1,8
17,62		1,76
17,53		1,75
17,44		1,74
18,14		1,81
18,23		1,82
18,32		1,83
18,4		1,8
18,49		1,85
18,58		1,86
18,67		1,87
18,75		1,88
18,84		1,88
18,93		1,89
19,02		1,90
19,1		1,9
19,19		1,92
19,28		1,93
19,37		1,94
19,45		1,95
19,4		1,9
19,46		1,95
19,5		2,0
19,55		1,96
19,57		1,96
19,59		1,96
19,6		2,0
19,62		1,96
19,63		1,96
19,64		1,96
19,65		1,97
19,66		1,97
19,65		1,97
19,67		1,97
19,7		2,0
19,72		1,97
19,73		1,97
19,75		1,98
19,77		1,98
19,78		1,98
19,8		2,0
