<Qucs Dataset 0.0.19>
<indep time 260>
  +0.00000000000000000000e+00
  +1.93050193050193054375e-06
  +3.86100386100386108750e-06
  +5.79150579150579120774e-06
  +7.72200772200772217501e-06
  +9.65250965250965314228e-06
  +1.15830115830115824155e-05
  +1.35135135135135133827e-05
  +1.54440154440154443500e-05
  +1.73745173745173736232e-05
  +1.93050193050193062846e-05
  +2.12355212355212355578e-05
  +2.31660231660231648310e-05
  +2.50965250965250974923e-05
  +2.70270270270270267655e-05
  +2.89575289575289594268e-05
  +3.08880308880308887000e-05
  +3.28185328185328213614e-05
  +3.47490347490347472464e-05
  +3.66795366795366799078e-05
  +3.86100386100386125691e-05
  +4.05405405405405384542e-05
  +4.24710424710424711155e-05
  +4.44015444015444037769e-05
  +4.63320463320463296619e-05
  +4.82625482625482623233e-05
  +5.01930501930501949846e-05
  +5.21235521235521276459e-05
  +5.40540540540540535310e-05
  +5.59845559845559861923e-05
  +5.79150579150579188537e-05
  +5.98455598455598447387e-05
  +6.17760617760617774001e-05
  +6.37065637065637032851e-05
  +6.56370656370656427227e-05
  +6.75675675675675686078e-05
  +6.94980694980694944929e-05
  +7.14285714285714339305e-05
  +7.33590733590733598156e-05
  +7.52895752895752857006e-05
  +7.72200772200772251382e-05
  +7.91505791505791510233e-05
  +8.10810810810810769084e-05
  +8.30115830115830163460e-05
  +8.49420849420849422310e-05
  +8.68725868725868681161e-05
  +8.88030888030888075537e-05
  +9.07335907335907334388e-05
  +9.26640926640926593238e-05
  +9.45945945945945987614e-05
  +9.65250965250965246465e-05
  +9.84555984555984640841e-05
  +1.00386100386100389969e-04
  +1.02316602316602315854e-04
  +1.04247104247104255292e-04
  +1.06177606177606181177e-04
  +1.08108108108108107062e-04
  +1.10038610038610046500e-04
  +1.11969111969111972385e-04
  +1.13899613899613898270e-04
  +1.15830115830115837707e-04
  +1.17760617760617763592e-04
  +1.19691119691119689477e-04
  +1.21621621621621628915e-04
  +1.23552123552123554800e-04
  +1.25482625482625494238e-04
  +1.27413127413127406570e-04
  +1.29343629343629346008e-04
  +1.31274131274131285445e-04
  +1.33204633204633197778e-04
  +1.35135135135135137216e-04
  +1.37065637065637076653e-04
  +1.38996138996138988986e-04
  +1.40926640926640928423e-04
  +1.42857142857142867861e-04
  +1.44787644787644780194e-04
  +1.46718146718146719631e-04
  +1.48648648648648659069e-04
  +1.50579150579150571401e-04
  +1.52509652509652510839e-04
  +1.54440154440154450276e-04
  +1.56370656370656362609e-04
  +1.58301158301158302047e-04
  +1.60231660231660241484e-04
  +1.62162162162162153817e-04
  +1.64092664092664093254e-04
  +1.66023166023166032692e-04
  +1.67953667953667945024e-04
  +1.69884169884169884462e-04
  +1.71814671814671823900e-04
  +1.73745173745173736232e-04
  +1.75675675675675675670e-04
  +1.77606177606177615107e-04
  +1.79536679536679527440e-04
  +1.81467181467181466878e-04
  +1.83397683397683406315e-04
  +1.85328185328185318648e-04
  +1.87258687258687258085e-04
  +1.89189189189189197523e-04
  +1.91119691119691136960e-04
  +1.93050193050193049293e-04
  +1.94980694980694988731e-04
  +1.96911196911196928168e-04
  +1.98841698841698840501e-04
  +2.00772200772200779938e-04
  +2.02702702702702719376e-04
  +2.04633204633204631709e-04
  +2.06563706563706571146e-04
  +2.08494208494208510584e-04
  +2.10424710424710422916e-04
  +2.12355212355212362354e-04
  +2.14285714285714301791e-04
  +2.16216216216216214124e-04
  +2.18146718146718153562e-04
  +2.20077220077220092999e-04
  +2.22007722007722005332e-04
  +2.23938223938223944769e-04
  +2.25868725868725884207e-04
  +2.27799227799227796539e-04
  +2.29729729729729735977e-04
  +2.31660231660231675415e-04
  +2.33590733590733587747e-04
  +2.35521235521235527185e-04
  +2.37451737451737466622e-04
  +2.39382239382239378955e-04
  +2.41312741312741318393e-04
  +2.43243243243243257830e-04
  +2.45173745173745197268e-04
  +2.47104247104247109600e-04
  +2.49034749034749021933e-04
  +2.50965250965250988475e-04
  +2.52895752895752900808e-04
  +2.54826254826254813141e-04
  +2.56756756756756779683e-04
  +2.58687258687258692016e-04
  +2.60617760617760604348e-04
  +2.62548262548262570891e-04
  +2.64478764478764483224e-04
  +2.66409266409266395556e-04
  +2.68339768339768362099e-04
  +2.70270270270270274431e-04
  +2.72200772200772186764e-04
  +2.74131274131274153306e-04
  +2.76061776061776065639e-04
  +2.77992277992277977972e-04
  +2.79922779922779944514e-04
  +2.81853281853281856847e-04
  +2.83783783783783769179e-04
  +2.85714285714285735722e-04
  +2.87644787644787648054e-04
  +2.89575289575289560387e-04
  +2.91505791505791526930e-04
  +2.93436293436293439262e-04
  +2.95366795366795351595e-04
  +2.97297297297297318137e-04
  +2.99227799227799230470e-04
  +3.01158301158301142803e-04
  +3.03088803088803109345e-04
  +3.05019305019305021678e-04
  +3.06949806949806934010e-04
  +3.08880308880308900553e-04
  +3.10810810810810812885e-04
  +3.12741312741312725218e-04
  +3.14671814671814691761e-04
  +3.16602316602316604093e-04
  +3.18532818532818516426e-04
  +3.20463320463320482968e-04
  +3.22393822393822395301e-04
  +3.24324324324324307633e-04
  +3.26254826254826274176e-04
  +3.28185328185328186509e-04
  +3.30115830115830098841e-04
  +3.32046332046332065384e-04
  +3.33976833976833977716e-04
  +3.35907335907335890049e-04
  +3.37837837837837856592e-04
  +3.39768339768339768924e-04
  +3.41698841698841681257e-04
  +3.43629343629343647799e-04
  +3.45559845559845560132e-04
  +3.47490347490347472464e-04
  +3.49420849420849439007e-04
  +3.51351351351351351340e-04
  +3.53281853281853263672e-04
  +3.55212355212355230215e-04
  +3.57142857142857142547e-04
  +3.59073359073359054880e-04
  +3.61003861003861021423e-04
  +3.62934362934362933755e-04
  +3.64864864864864846088e-04
  +3.66795366795366812630e-04
  +3.68725868725868724963e-04
  +3.70656370656370637295e-04
  +3.72586872586872603838e-04
  +3.74517374517374516171e-04
  +3.76447876447876482713e-04
  +3.78378378378378395046e-04
  +3.80308880308880307378e-04
  +3.82239382239382273921e-04
  +3.84169884169884186254e-04
  +3.86100386100386098586e-04
  +3.88030888030888065129e-04
  +3.89961389961389977461e-04
  +3.91891891891891889794e-04
  +3.93822393822393856336e-04
  +3.95752895752895768669e-04
  +3.97683397683397681002e-04
  +3.99613899613899647544e-04
  +4.01544401544401559877e-04
  +4.03474903474903472209e-04
  +4.05405405405405438752e-04
  +4.07335907335907351084e-04
  +4.09266409266409263417e-04
  +4.11196911196911229960e-04
  +4.13127413127413142292e-04
  +4.15057915057915054625e-04
  +4.16988416988417021167e-04
  +4.18918918918918933500e-04
  +4.20849420849420845833e-04
  +4.22779922779922812375e-04
  +4.24710424710424724708e-04
  +4.26640926640926637040e-04
  +4.28571428571428603583e-04
  +4.30501930501930515915e-04
  +4.32432432432432428248e-04
  +4.34362934362934394791e-04
  +4.36293436293436307123e-04
  +4.38223938223938219456e-04
  +4.40154440154440185998e-04
  +4.42084942084942098331e-04
  +4.44015444015444010663e-04
  +4.45945945945945977206e-04
  +4.47876447876447889539e-04
  +4.49806949806949801871e-04
  +4.51737451737451768414e-04
  +4.53667953667953680746e-04
  +4.55598455598455593079e-04
  +4.57528957528957559622e-04
  +4.59459459459459471954e-04
  +4.61389961389961384287e-04
  +4.63320463320463350829e-04
  +4.65250965250965263162e-04
  +4.67181467181467175494e-04
  +4.69111969111969142037e-04
  +4.71042471042471054370e-04
  +4.72972972972972966702e-04
  +4.74903474903474933245e-04
  +4.76833976833976845577e-04
  +4.78764478764478757910e-04
  +4.80694980694980724453e-04
  +4.82625482625482636785e-04
  +4.84555984555984549118e-04
  +4.86486486486486515660e-04
  +4.88416988416988427993e-04
  +4.90347490347490394536e-04
  +4.92277992277992252658e-04
  +4.94208494208494219201e-04
  +4.96138996138996185743e-04
  +4.98069498069498043866e-04
  +5.00000000000000010408e-04
</indep>
<dep vo.Vt time>
  +0.00000000000000000000e+00
  +6.04414742259920867440e-01
  +1.19878077239890168393e+00
  +1.77436613977344692650e+00
  +2.32271490097757693505e+00
  +2.83577134843283440446e+00
  +3.30599838849657423623e+00
  +3.72648829857212371408e+00
  +4.09106423565225352235e+00
  +4.39437100463451368881e+00
  +4.63195375257392782942e+00
  +4.80032343246611059584e+00
  +4.89700807457477527151e+00
  +4.92058911187477932003e+00
  +4.87072222581070324310e+00
  +4.74814240604388260181e+00
  +4.55465314983524294234e+00
  +4.29309995977829839120e+00
  +3.96732852933141977303e+00
  +3.58212823061024909777e+00
  +3.14316173488349104304e+00
  +2.65688179999432039224e+00
  +2.13043644751084837452e+00
  +1.57156392302127634331e+00
  +9.88478983125366639229e-01
  +3.89752180127504510576e-01
  -2.15816081665015813140e-01
  -8.19324867303995008072e-01
  -1.41190350985360013603e+00
  -1.98484196425716352685e+00
  -2.52971880087590195174e+00
  -3.03852495784283327396e+00
  -3.50378143369907402160e+00
  -3.91864919082684259877e+00
  -4.27702965465540163592e+00
  -4.57365433181057934320e+00
  -4.80416223027502997667e+00
  -4.96516394387497150831e+00
  -5.05429145937601820293e+00
  -5.07023295427612641362e+00
  -5.01275207394426836061e+00
  -4.88269140482858343688e+00
  -4.68196009269543100828e+00
  -4.41350578784849556513e+00
  -4.08127132959116689648e+00
  -3.69013680645115771384e+00
  -3.24584784358864419929e+00
  -2.75493117119980412966e+00
  -2.22459871463252989443e+00
  -1.66264161560392031980e+00
  -1.07731574187083523064e+00
  -4.77220367781442889044e-01
  +1.28828191510730938329e-01
  +7.31926135233325392271e-01
  +1.32321301777714284142e+00
  +1.89400195237678103943e+00
  +2.43590726435536630845e+00
  +2.94096771807714318925e+00
  +3.40176350679589312165e+00
  +3.81152528624098518861e+00
  +4.16423364969952558567e+00
  +4.45470758281476797436e+00
  +4.67868059826327886697e+00
  +4.83286343151667363571e+00
  +4.91499237637781849486e+00
  +4.92386255000390793413e+00
  +4.85934559858906212071e+00
  +4.72239158352260179896e+00
  +4.51501502030601820081e+00
  +4.24026527538585185084e+00
  +3.90218175591907279198e+00
  +3.50573455095451436136e+00
  +3.05675139630427894488e+00
  +2.56183203635159806311e+00
  +2.02825124124289946081e+00
  +1.46385190462003045297e+00
  +8.76929792814605812978e-01
  +2.76111639107561201989e-01
  -3.29771647834630310392e-01
  -9.31814659040252069033e-01
  -1.52116861724013463508e+00
  -2.08917100621429874252e+00
  -2.62747313541441673834e+00
  -3.12816276140829385710e+00
  -3.58388035777632696366e+00
  -3.98792726286735277341e+00
  -4.33436411618957162517e+00
  -4.61809813692030957100e+00
  -4.83495796198248406483e+00
  -4.98175494394710938195e+00
  -5.05633000799318299556e+00
  -5.05758537936493279830e+00
  -4.98550071509351511168e+00
  -4.84113340292856086933e+00
  -4.62660302308677273686e+00
  -4.34506020115120694669e+00
  -4.00064030982583052065e+00
  -3.59840269989503935832e+00
  -3.14425635338535069963e+00
  -2.64487305145108697602e+00
  -2.10758933297645523197e+00
  -1.54029868460589258738e+00
  -9.51335546463335846035e-01
  -3.49352837784474512528e-01
  +2.56805194251068791278e-01
  +8.58232875847489196097e-01
  +1.44609420158838331005e+00
  +2.01175238383470089687e+00
  +2.54689695008563665723e+00
  +3.04366581990228723953e+00
  +3.49476083767620027132e+00
  +3.89355501855906638298e+00
  +4.23418993158171996782e+00
  +4.51166178892373892495e+00
  +4.72189497625740894904e+00
  +4.86180194364249462780e+00
  +4.92932857687894276921e+00
  +4.92348438258844378623e+00
  +4.84435704345707307539e+00
  +4.69311112975061917041e+00
  +4.47197098603683773632e+00
  +4.18418804459311211019e+00
  +3.83399304582686228926e+00
  +3.42653386782658353482e+00
  +2.96779987863415062321e+00
  +2.46453392287685124629e+00
  +1.92413323610996100932e+00
  +1.35454074292702975058e+00
  +7.64128336205206482035e-01
  +1.61573852689421953999e-01
  -4.44266449830755583150e-01
  -1.04448790562541704574e+00
  -1.63026855239192913771e+00
  -2.19299863059151389777e+00
  -2.72440711067110408194e+00
  -3.21668323529930555438e+00
  -3.66259129793180182588e+00
  -4.05557697104280467926e+00
  -4.38986362153617637460e+00
  -4.66053719798729204626e+00
  -4.86361844230326134664e+00
  -4.99612136465590506162e+00
  -5.05609712240199282718e+00
  -5.04266265819296588546e+00
  -4.95601367643896217885e+00
  -4.79742176743881287848e+00
  -4.56921572143678389466e+00
  -4.27474730719471907037e+00
  -3.91834201796134840023e+00
  -3.50523550862338684198e+00
  -3.04149665809058911137e+00
  -2.53393838750771793755e+00
  -1.99001754481437842514e+00
  -1.41772532684220808896e+00
  -8.25469849189938487122e-01
  -2.21952589504263581022e-01
  +3.83959483930962963694e-01
  +9.83364222369386364875e-01
  +1.56745508354563334308e+00
  +2.12765055536535596659e+00
  +2.65572026371809588596e+00
  +3.14390591729671875498e+00
  +3.58503531519082851986e+00
  +3.97262774191968714987e+00
  +4.30098920113164684409e+00
  +4.56529608851713053497e+00
  +4.76166607436693922750e+00
  +4.88721515416141727428e+00
  +4.94010002883580945365e+00
  +4.91954519194643147273e+00
  +4.82585432569361394428e+00
  +4.66040583833755928111e+00
  +4.42563260858449147861e+00
  +4.12498623459807234326e+00
  +3.76288631299444720213e+00
  +3.34465549316290466919e+00
  +2.87644126128467592096e+00
  +2.36512560342848932038e+00
  +1.81822387521805572952e+00
  +1.24377436417506181954e+00
  +6.50220167611710531119e-01
  +4.62851218697989952311e-02
  -5.59154393882024369766e-01
  -1.15719989545811174914e+00
  -1.73906155629731062895e+00
  -2.29618737338773337697e+00
  -2.82038883839007459287e+00
  -3.30396126723016259064e+00
  -3.73979701992537094668e+00
  -4.12148994688699588096e+00
  -4.44342952686670766838e+00
  -4.70088331319622820814e+00
  -4.89006647677813965913e+00
  -5.00819742389792654791e+00
  -5.05353867155723435189e+00
  -5.02542237966795379833e+00
  -4.92426016491317408708e+00
  -4.75153705206095988700e+00
  -4.50978965161601230704e+00
  -4.20256888448723398000e+00
  -3.83438780142969548592e+00
  -3.41065526405102481533e+00
  -2.93759646193551704485e+00
  -2.42216143388151028404e+00
  -1.87192293752672522800e+00
  -1.29496516816072348988e+00
  -6.99764961994110312737e-01
  -9.50672295951495022193e-02
  +5.10243550009164437142e-01
  +1.10727388618118838259e+00
  +1.68725196594601412059e+00
  +2.24165655521920914595e+00
  +2.76234221779427135957e+00
  +3.24165901200448169917e+00
  +3.67256490612465924528e+00
  +4.04872926057590731830e+00
  +4.36462585626879651102e+00
  +4.61561410203969213484e+00
  +4.79800722784227229312e+00
  +4.90912646159953780511e+00
  +4.94734039359111843481e+00
  +4.91208894991874789326e+00
  +4.80389162276133241392e+00
  +4.62433983647661506211e+00
  +4.37607356172900896496e+00
  +4.06274252129753410401e+00
  +3.68895255764199347936e+00
  +3.26019795035240589343e+00
  +2.78278067807255169441e+00
  +2.26371781133837002287e+00
  +1.71063839718727117578e+00
  +1.13167135081260661345e+00
  +5.35326001688035235659e-01
  -6.96329504714297276013e-02
  -6.74314232397351887016e-01
  -1.26983065394596139619e+00
  -1.84742970477516221806e+00
  -2.39862217191044679865e+00
  -2.91530688817310235095e+00
  -3.38988977830079507569e+00
  -3.81539545338521435269e+00
  -4.18556971375394581969e+00
  -4.49497145402344422394e+00
  -4.73905261978411740387e+00
  -4.91422504095934264967e+00
  -5.01791315972660800782e+00
  -5.04859187816722609909e+00
  -5.00580896947602038694e+00
  -4.89019172339963059670e+00
  -4.70343772824917483177e+00
  -4.44828992494502006849e+00
  -4.12849629967277209630e+00
  -3.74875480746439571078e+00
  -3.31464433604882424689e+00
  -2.83254272445368471267e+00
  -2.30953304106974011134e+00
  -1.75329949841535071009e+00
  -1.17201453412737666149e+00
  -5.74218717515388887840e-01
  +3.13047535551724959157e-02
</dep>
<dep V1.It time>
  +0.00000000000000000000e+00
  -5.84220689800859630397e-07
  -2.32673301283451168029e-06
  -5.19971127684362807475e-06
  -9.15869104863320605066e-06
  -1.41432535054666202594e-05
  -2.00779132773886452503e-05
  -2.68732276914979141514e-05
  -3.44271111178962098171e-05
  -4.26263351030861707908e-05
  -5.13481922464546533644e-05
  -6.04622993692842432690e-05
  -6.98325134788422142822e-05
  -7.93189323725780311234e-05
  -8.87799504836811665710e-05
  -9.80743397574822224150e-05
  -1.07063324980353108450e-04
  -1.15612623064283439006e-04
  -1.23594416319978040071e-04
  -1.30889230721356326741e-04
  -1.37387691560477304695e-04
  -1.42992130693656650841e-04
  -1.47618021760396702291e-04
  -1.51195222284682134631e-04
  -1.53669004406041417822e-04
  -1.55000859093850691271e-04
  -1.55169062026999128590e-04
  -1.54168992823355149608e-04
  -1.52013202927974116867e-04
  -1.48731231162435448756e-04
  -1.44369169645800350362e-04
  -1.38988986465952968612e-04
  -1.32667615054625227106e-04
  -1.25495823647680810730e-04
  -1.17576881443865976476e-04
  -1.09025041062737269968e-04
  -9.99638596019486951700e-05
  -9.05243829658527445967e-05
  -8.08432201465879963316e-05
  -7.10605357559677752255e-05
  -6.13179903077841774364e-05
  -5.17566585179444151499e-05
  -4.25149562128838775328e-05
  -3.37266063102027705456e-05
  -2.55186737613086657309e-05
  -1.80096983324541324841e-05
  -1.13079526628326761638e-05
  -5.50985119745496793443e-06
  -6.98533375433417133390e-07
  +3.05735810636806971057e-06
  +5.70468600098328732878e-06
  +7.20659936739862015502e-06
  +7.54307510038407833219e-06
  +6.71121217635535522860e-06
  +4.72527429134268529842e-06
  +1.61648026450464199168e-06
  -2.56745471280662780581e-06
  -7.76302024111323908120e-06
  -1.38918439864519655821e-05
  -2.08618433491920921572e-05
  -2.85685786043314882978e-05
  -3.68967876289623023878e-05
  -4.57220796641863062122e-05
  -5.49127632217576971811e-05
  -6.43317812744837786874e-05
  -7.38387252928876725759e-05
  -8.32918985319926788143e-05
  -9.25503982483653019325e-05
  -1.01476186249370108994e-04
  -1.09936117348052010364e-04
  -1.17803895915631907910e-04
  -1.24961931780202839017e-04
  -1.31303068199317436032e-04
  -1.36732156514021447463e-04
  -1.41167454344892612890e-04
  -1.44541826783687476663e-04
  -1.46803732929160759765e-04
  -1.47917983269978635646e-04
  -1.47866279070528591419e-04
  -1.46647386720302665836e-04
  -1.44277423462813969134e-04
  -1.40789217692803341961e-04
  -1.36232096054012501293e-04
  -1.30671096566224617360e-04
  -1.24186012888597476769e-04
  -1.16870221749848434366e-04
  -1.08829310776127879262e-04
  -1.00179526880560357564e-04
  -9.10460680152703046237e-05
  -8.15612433884844024827e-05
  -7.18625291822003084115e-05
  -6.20905483415252860968e-05
  -5.23870041225492038390e-05
  -4.28925977651307583651e-05
  -3.37449608902607928250e-05
  -2.50766330052904085751e-05
  -1.70131138374505248704e-05
  -9.67101911649726225415e-06
  -3.15636690713804169054e-06
  +2.43698032653016016455e-06
  +7.02869503080647034965e-06
  +1.05531649775290969440e-05
  +1.29604574384507043478e-05
  +1.42170532545488077357e-05
  +1.43063364792478371981e-05
  +1.32287742382356617363e-05
  +1.10021365623468112270e-05
  +7.66094013001627180436e-06
  +3.25612137416407226476e-06
  -2.14575695568243251260e-06
  -8.46348392183641703990e-06
  -1.56023937810860781317e-05
  -2.34557570848366437981e-05
  -3.19063490546332495035e-05
  -4.08281721858868960765e-05
  -5.00883077662555201257e-05
  -5.95488691007368324375e-05
  -6.90690277409557580818e-05
  -7.85070829433408881029e-05
  -8.77225439456351006526e-05
  -9.65781944628212892347e-05
  -1.04942109064831722888e-04
  -1.12689591805499806157e-04
  -1.19705008614727631002e-04
  -1.25883486526986450955e-04
  -1.31132454776097156016e-04
  -1.35373005110001526146e-04
  -1.38541051335788756305e-04
  -1.40588271055538477578e-04
  -1.41482815754231293576e-04
  -1.41209781387108442019e-04
  -1.39771298364677894850e-04
  -1.37186758129116475550e-04
  -1.33492389371549327907e-04
  -1.28740733018160646373e-04
  -1.22999870138179844816e-04
  -1.16352421490488561694e-04
  -1.08894333410445781694e-04
  -1.00733467878240219519e-04
  -9.19880174876317726826e-05
  -8.27847686070081975086e-05
  -7.32572382554934391436e-05
  -6.35437120725930264502e-05
  -5.37852122132858784828e-05
  -4.41234250302095589477e-05
  -3.46986189955172090070e-05
  -2.56475834584098180550e-05
  -1.71016185281636316892e-05
  -9.18460562119690813142e-06
  -2.01118702535856318776e-06
  +4.31491876737821034417e-06
  +9.70244120373692387350e-06
  +1.40738988902957331282e-05
  +1.73667381838256227190e-05
  +1.95342524192947994248e-05
  +2.05462682675457639634e-05
  +2.03895928919368473809e-05
  +1.90682184675884558076e-05
  +1.66032339622087579125e-05
  +1.30325273581004374409e-05
  +8.41023194046878847191e-06
  +2.80593081850413525227e-06
  -3.69636558770960236512e-06
  -1.09994540686942529032e-05
  -1.89943670142719312226e-05
  -2.75619736793779990898e-05
  -3.65747307964916189282e-05
  -4.58985568095491246448e-05
  -5.53948021875974409844e-05
  -6.49222868645512370817e-05
  -7.43393748650115847700e-05
  -8.35060556296563275512e-05
  -9.22860014552560312161e-05
  -1.00548570815370651838e-04
  -1.08170728123061019987e-04
  -1.15038851724822674448e-04
  -1.21050403557391010622e-04
  -1.26115435931920086580e-04
  -1.30157913303436913914e-04
  -1.33116829602256375297e-04
  -1.34947104708244984593e-04
  -1.35620246894299932355e-04
  -1.35124771504481749201e-04
  -1.33466369714351417927e-04
  -1.30667824893589959098e-04
  -1.26768677799946543434e-04
  -1.21824645524467759872e-04
  -1.15906802726570826905e-04
  -1.09100537190658406850e-04
  -1.01504295052300567222e-04
  -9.32281341328069080958e-05
  -8.43921066408420862551e-05
  -7.51244950071770203805e-05
  -6.55599267768736826021e-05
  -5.58373962604387965832e-05
  -4.60982220156514531741e-05
  -3.64839701747427983631e-05
  -2.71343741334925833925e-05
  -1.81852811722827252755e-05
  -9.76665618337532537914e-06
  -2.00067183951119601196e-06
  +5.00008673131818372627e-06
  +1.11342763827402571836e-05
  +1.63132851866714663036e-05
  +2.04625345855481732046e-05
  +2.35225753250781286895e-05
  +2.54499610628525537576e-05
  +2.62178868151946120428e-05
  +2.58165828603113476616e-05
  +2.42534583093671280351e-05
  +2.15529922357107462337e-05
  +1.77563739621059588851e-05
  +1.29208977919199374579e-05
  +7.11912107865698137661e-06
  +4.37798005950857883791e-07
  -7.02339525395231998716e-06
  -1.51533252695045160215e-05
  -2.38310344428582091057e-05
  -3.29275184683678256645e-05
  -4.23076220369484798899e-05
  -5.18320249290415524350e-05
  -6.13592893106825002522e-05
  -7.07479381477828527013e-05
  -7.98585341964663927503e-05
  -8.85557290188334955477e-05
  -9.67102519139950630176e-05
  -1.04200809537166588911e-04
  -1.10915868292044511004e-04
  -1.16755293304320544685e-04
  -1.21631819891727211780e-04
  -1.25472335907458675637e-04
  -1.28218956113010173299e-04
  -1.29829872792599728716e-04
  -1.30279970109448085726e-04
  -1.29561193175989542879e-04
  -1.27682666414552693388e-04
  -1.24670559469207409276e-04
  -1.20567702639195280159e-04
  -1.15432957485124649210e-04
  -1.09340351856829595028e-04
  -1.02377992053604398174e-04
  -9.46467681025479434884e-05
  -8.62588711808662429725e-05
  -7.73361449685194406482e-05
  -6.80082951579781807422e-05
  -5.84109834322240676599e-05
  -4.86838339198688427518e-05
  -3.89683814224023940568e-05
  -2.94059915642343431706e-05
  -2.01357834287947473021e-05
  -1.12925852074183261841e-05
  -3.00495290261748497029e-06
  +4.60671879922480549349e-06
  +1.14319657251415155466e-05
  +1.73718774846101166895e-05
  +2.23405509564850546873e-05
  +2.62663526349445659456e-05
  +2.90929712843529835917e-05
  +3.07802454343503674905e-05
  +3.13047535551786145565e-05
</dep>
<dep _net1.Vt time>
  +0.00000000000000000000e+00
  +6.04998962949721774685e-01
  +1.20110750541173616490e+00
  +1.77956585105029052585e+00
  +2.33187359202621014020e+00
  +2.84991460193830103975e+00
  +3.32607630177396274007e+00
  +3.75336152626362151707e+00
  +4.12549134677014972539e+00
  +4.43699733973759968819e+00
  +4.68330194482038209003e+00
  +4.86078573183539486280e+00
  +4.96684058805361772215e+00
  +4.99990804424735735267e+00
  +4.95950217629438405709e+00
  +4.84621674580136474475e+00
  +4.66171647481559592308e+00
  +4.40871258284258171756e+00
  +4.09092294565139802387e+00
  +3.71301746133160559538e+00
  +3.28054942644396829721e+00
  +2.79987393068797718598e+00
  +2.27805446927124499723e+00
  +1.72275914530595852803e+00
  +1.14214798753140800436e+00
  +5.44753039221355206401e-01
  -6.06470196380166845507e-02
  -6.65155874480639841551e-01
  -1.25989030692562598013e+00
  -1.83611073309472816462e+00
  -2.38534963123010168573e+00
  -2.89953597137688046104e+00
  -3.37111381864444892287e+00
  -3.79315336717916196108e+00
  -4.15945277321153561445e+00
  -4.46462929074784220518e+00
  -4.70419837067308144185e+00
  -4.87463956090911842978e+00
  -4.97344823922943035654e+00
  -4.99917241852015870052e+00
  -4.95143408363648429571e+00
  -4.83093474631063912739e+00
  -4.63944513648254730498e+00
  -4.37977918153829293146e+00
  -4.05575265582985799995e+00
  -3.67212710811870346461e+00
  -3.23453989092581162268e+00
  -2.74942132000234895628e+00
  -2.22390018125709643115e+00
  -1.66569897371028829980e+00
  -1.08302042787181851402e+00
  -4.84426967148841536304e-01
  +1.21285116410346865967e-01
  +7.25214923056969995585e-01
  +1.31848774348580022320e+00
  +1.89238547211227636780e+00
  +2.43847471906817281351e+00
  +2.94873073831825660562e+00
  +3.41565535078234505661e+00
  +3.83238712959017746584e+00
  +4.19280222830385707056e+00
  +4.49160437044373050952e+00
  +4.72440267792746482201e+00
  +4.88777619473843127906e+00
  +4.97932415765230196314e+00
  +4.99770127529679530909e+00
  +4.94263749712105493472e+00
  +4.81494198177096688340e+00
  +4.61649120655538869329e+00
  +4.35020139273390427093e+00
  +4.01998565183470457640e+00
  +3.63069648273471701216e+00
  +3.18805446450359619703e+00
  +2.69856419286561965976e+00
  +2.16941869558779210081e+00
  +1.60839373140371799664e+00
  +1.02373352574376652591e+00
  +4.24029622377539827660e-01
  -1.81905368764101710299e-01
  -7.85167272319949427484e-01
  -1.37689119377732072103e+00
  -1.94838178852149557230e+00
  -2.49124103936040430796e+00
  -2.99749166484206908123e+00
  -3.45969434488772931147e+00
  -3.87105704111750448249e+00
  -4.22553480541344406163e+00
  -4.51791861003974926092e+00
  -4.74391189396721379978e+00
  -4.90019370055862513169e+00
  -4.98446747881098239930e+00
  -4.99549483102340730056e+00
  -4.93311371097096618143e+00
  -4.79824080516342998948e+00
  -4.59285806219651160376e+00
  -4.31998356814591666364e+00
  -3.98362719598837955459e+00
  -3.58873168077854209912e+00
  -3.14109998647821253570e+00
  -2.64731003177761703427e+00
  -2.11461802800726150764e+00
  -1.55085184958342159334e+00
  -9.64296003901786602519e-01
  -3.63569891039023318502e-01
  +2.42498857771820980345e-01
  +8.45004101609253543970e-01
  +1.43509206502603658961e+00
  +2.00409144370468483842e+00
  +2.54364082871147267895e+00
  +3.04581157685796988233e+00
  +3.50322432159803653917e+00
  +3.90915741234015268191e+00
  +4.25764568866655679358e+00
  +4.54356813797837233437e+00
  +4.76272314844329613948e+00
  +4.91189025140875035191e+00
  +4.98887744597967941473e+00
  +4.99255341032939981005e+00
  +4.92286412640041426414e+00
  +4.78083367369625467092e+00
  +4.56854918049965874616e+00
  +4.28913015365794425549e+00
  +3.94668263763236204511e+00
  +3.54623887644131130514e+00
  +3.09368336516113728862e+00
  +2.59566637765294849771e+00
  +2.05950624121996250793e+00
  +1.49308179426281850688e+00
  +9.04716607260744987151e-01
  +3.03056668443653254297e-01
  -3.03056668443647148070e-01
  -9.04716607260739102969e-01
  -1.49308179426281273372e+00
  -2.05950624121996472837e+00
  -2.59566637765294361273e+00
  -3.09368336516112574230e+00
  -3.54623887644131308150e+00
  -3.94668263763235849240e+00
  -4.28913015365793626188e+00
  -4.56854918049966052251e+00
  -4.78083367369625289456e+00
  -4.92286412640041159960e+00
  -4.99255341032939981005e+00
  -4.98887744597968030291e+00
  -4.91189025140875301645e+00
  -4.76272314844329525130e+00
  -4.54356813797837411073e+00
  -4.25764568866655501722e+00
  -3.90915741234015134964e+00
  -3.50322432159802810148e+00
  -3.04581157685796721779e+00
  -2.54364082871145491538e+00
  -2.00409144370467418028e+00
  -1.43509206502603370303e+00
  -8.45004101609233337911e-01
  -2.42498857771809350758e-01
  +3.63569891039026094059e-01
  +9.64296003901797926794e-01
  +1.55085184958342447992e+00
  +2.11461802800725573448e+00
  +2.64731003177762724832e+00
  +3.14109998647821475615e+00
  +3.58873168077853810232e+00
  +3.98362719598838133095e+00
  +4.31998356814591844000e+00
  +4.59285806219650893922e+00
  +4.79824080516343087766e+00
  +4.93311371097096618143e+00
  +4.99549483102340730056e+00
  +4.98446747881098239930e+00
  +4.90019370055862513169e+00
  +4.74391189396721557614e+00
  +4.51791861003974748456e+00
  +4.22553480541344317345e+00
  +3.87105704111750803520e+00
  +3.45969434488772753511e+00
  +2.99749166484206686079e+00
  +2.49124103936040963703e+00
  +1.94838178852149268572e+00
  +1.37689119377731827853e+00
  +7.85167272319955533710e-01
  +1.81905368764098934742e-01
  -4.24029622377542603218e-01
  -1.02373352574376030866e+00
  -1.60839373140372066118e+00
  -2.16941869558778677174e+00
  -2.69856419286560678117e+00
  -3.18805446450359175614e+00
  -3.63069648273471257127e+00
  -4.01998565183469569462e+00
  -4.35020139273390071821e+00
  -4.61649120655538602875e+00
  -4.81494198177096244251e+00
  -4.94263749712105315837e+00
  -4.99770127529679530909e+00
  -4.97932415765230196314e+00
  -4.88777619473843127906e+00
  -4.72440267792746748654e+00
  -4.49160437044372962134e+00
  -4.19280222830385884691e+00
  -3.83238712959018412718e+00
  -3.41565535078234283617e+00
  -2.94873073831825749380e+00
  -2.43847471906818169529e+00
  -1.89238547211227348122e+00
  -1.31848774348580155547e+00
  -7.25214923056962890158e-01
  -1.21285116410344118165e-01
  +4.84426967148853138134e-01
  +1.08302042787182117856e+00
  +1.66569897371030339883e+00
  +2.22390018125710309249e+00
  +2.74942132000235162081e+00
  +3.23453989092582450127e+00
  +3.67212710811870834959e+00
  +4.05575265582985977630e+00
  +4.37977918153830092507e+00
  +4.63944513648254996951e+00
  +4.83093474631064001557e+00
  +4.95143408363648607207e+00
  +4.99917241852015958870e+00
  +4.97344823922943035654e+00
  +4.87463956090911487706e+00
  +4.70419837067308144185e+00
  +4.46462929074784220518e+00
  +4.15945277321152939720e+00
  +3.79315336717916018472e+00
  +3.37111381864445025514e+00
  +2.89953597137687246743e+00
  +2.38534963123009724484e+00
  +1.83611073309472994097e+00
  +1.25989030692561687630e+00
  +6.65155874480634956569e-01
  +6.06470196380183637630e-02
  -5.44753039221362311828e-01
  -1.14214798753140867049e+00
  -1.72275914530595475327e+00
  -2.27805446927125165857e+00
  -2.79987393068797763007e+00
  -3.28054942644396563267e+00
  -3.71301746133161003627e+00
  -4.09092294565139802387e+00
  -4.40871258284257816484e+00
  -4.66171647481559769943e+00
  -4.84621674580136474475e+00
  -4.95950217629438405709e+00
  -4.99990804424735735267e+00
  -4.96684058805361772215e+00
  -4.86078573183539663916e+00
  -4.68330194482038031367e+00
  -4.43699733973760146455e+00
  -4.12549134677015505446e+00
  -3.75336152626362062890e+00
  -3.32607630177396584870e+00
  -2.84991460193829482250e+00
  -2.33187359202622523924e+00
  -1.77956585105029518878e+00
  -1.20110750541172972561e+00
  -6.04998962949739205186e-01
  -6.12323399573676608517e-15
</dep>
<dep _net0.Vt time>
  +0.00000000000000000000e+00
  +6.04414742259920867440e-01
  +1.19878077239890168393e+00
  +1.77436613977344692650e+00
  +2.32271490097757693505e+00
  +2.83577134843283440446e+00
  +3.30599838849657423623e+00
  +3.72648829857212371408e+00
  +4.09106423565225352235e+00
  +4.39437100463451368881e+00
  +4.63195375257392782942e+00
  +4.80032343246611059584e+00
  +4.89700807457477527151e+00
  +4.92058911187477932003e+00
  +4.87072222581070324310e+00
  +4.74814240604388260181e+00
  +4.55465314983524294234e+00
  +4.29309995977829839120e+00
  +3.96732852933141977303e+00
  +3.58212823061024909777e+00
  +3.14316173488349104304e+00
  +2.65688179999432039224e+00
  +2.13043644751084837452e+00
  +1.57156392302127634331e+00
  +9.88478983125366639229e-01
  +3.89752180127504510576e-01
  -2.15816081665015813140e-01
  -8.19324867303995008072e-01
  -1.41190350985360013603e+00
  -1.98484196425716352685e+00
  -2.52971880087590195174e+00
  -3.03852495784283327396e+00
  -3.50378143369907402160e+00
  -3.91864919082684259877e+00
  -4.27702965465540163592e+00
  -4.57365433181057934320e+00
  -4.80416223027502997667e+00
  -4.96516394387497150831e+00
  -5.05429145937601820293e+00
  -5.07023295427612641362e+00
  -5.01275207394426836061e+00
  -4.88269140482858343688e+00
  -4.68196009269543100828e+00
  -4.41350578784849556513e+00
  -4.08127132959116689648e+00
  -3.69013680645115771384e+00
  -3.24584784358864419929e+00
  -2.75493117119980412966e+00
  -2.22459871463252989443e+00
  -1.66264161560392031980e+00
  -1.07731574187083523064e+00
  -4.77220367781442889044e-01
  +1.28828191510730938329e-01
  +7.31926135233325392271e-01
  +1.32321301777714284142e+00
  +1.89400195237678103943e+00
  +2.43590726435536630845e+00
  +2.94096771807714318925e+00
  +3.40176350679589312165e+00
  +3.81152528624098518861e+00
  +4.16423364969952558567e+00
  +4.45470758281476797436e+00
  +4.67868059826327886697e+00
  +4.83286343151667363571e+00
  +4.91499237637781849486e+00
  +4.92386255000390793413e+00
  +4.85934559858906212071e+00
  +4.72239158352260179896e+00
  +4.51501502030601820081e+00
  +4.24026527538585185084e+00
  +3.90218175591907279198e+00
  +3.50573455095451436136e+00
  +3.05675139630427894488e+00
  +2.56183203635159806311e+00
  +2.02825124124289946081e+00
  +1.46385190462003045297e+00
  +8.76929792814605812978e-01
  +2.76111639107561201989e-01
  -3.29771647834630310392e-01
  -9.31814659040252069033e-01
  -1.52116861724013463508e+00
  -2.08917100621429874252e+00
  -2.62747313541441673834e+00
  -3.12816276140829385710e+00
  -3.58388035777632696366e+00
  -3.98792726286735277341e+00
  -4.33436411618957162517e+00
  -4.61809813692030957100e+00
  -4.83495796198248406483e+00
  -4.98175494394710938195e+00
  -5.05633000799318299556e+00
  -5.05758537936493279830e+00
  -4.98550071509351511168e+00
  -4.84113340292856086933e+00
  -4.62660302308677273686e+00
  -4.34506020115120694669e+00
  -4.00064030982583052065e+00
  -3.59840269989503935832e+00
  -3.14425635338535069963e+00
  -2.64487305145108697602e+00
  -2.10758933297645523197e+00
  -1.54029868460589258738e+00
  -9.51335546463335846035e-01
  -3.49352837784474512528e-01
  +2.56805194251068791278e-01
  +8.58232875847489196097e-01
  +1.44609420158838331005e+00
  +2.01175238383470089687e+00
  +2.54689695008563665723e+00
  +3.04366581990228723953e+00
  +3.49476083767620027132e+00
  +3.89355501855906638298e+00
  +4.23418993158171996782e+00
  +4.51166178892373892495e+00
  +4.72189497625740894904e+00
  +4.86180194364249462780e+00
  +4.92932857687894276921e+00
  +4.92348438258844378623e+00
  +4.84435704345707307539e+00
  +4.69311112975061917041e+00
  +4.47197098603683773632e+00
  +4.18418804459311211019e+00
  +3.83399304582686228926e+00
  +3.42653386782658353482e+00
  +2.96779987863415062321e+00
  +2.46453392287685124629e+00
  +1.92413323610996100932e+00
  +1.35454074292702975058e+00
  +7.64128336205206482035e-01
  +1.61573852689421953999e-01
  -4.44266449830755583150e-01
  -1.04448790562541704574e+00
  -1.63026855239192913771e+00
  -2.19299863059151389777e+00
  -2.72440711067110408194e+00
  -3.21668323529930555438e+00
  -3.66259129793180182588e+00
  -4.05557697104280467926e+00
  -4.38986362153617637460e+00
  -4.66053719798729204626e+00
  -4.86361844230326134664e+00
  -4.99612136465590506162e+00
  -5.05609712240199282718e+00
  -5.04266265819296588546e+00
  -4.95601367643896217885e+00
  -4.79742176743881287848e+00
  -4.56921572143678389466e+00
  -4.27474730719471907037e+00
  -3.91834201796134840023e+00
  -3.50523550862338684198e+00
  -3.04149665809058911137e+00
  -2.53393838750771793755e+00
  -1.99001754481437842514e+00
  -1.41772532684220808896e+00
  -8.25469849189938487122e-01
  -2.21952589504263581022e-01
  +3.83959483930962963694e-01
  +9.83364222369386364875e-01
  +1.56745508354563334308e+00
  +2.12765055536535596659e+00
  +2.65572026371809588596e+00
  +3.14390591729671875498e+00
  +3.58503531519082851986e+00
  +3.97262774191968714987e+00
  +4.30098920113164684409e+00
  +4.56529608851713053497e+00
  +4.76166607436693922750e+00
  +4.88721515416141727428e+00
  +4.94010002883580945365e+00
  +4.91954519194643147273e+00
  +4.82585432569361394428e+00
  +4.66040583833755928111e+00
  +4.42563260858449147861e+00
  +4.12498623459807234326e+00
  +3.76288631299444720213e+00
  +3.34465549316290466919e+00
  +2.87644126128467592096e+00
  +2.36512560342848932038e+00
  +1.81822387521805572952e+00
  +1.24377436417506181954e+00
  +6.50220167611710531119e-01
  +4.62851218697989952311e-02
  -5.59154393882024369766e-01
  -1.15719989545811174914e+00
  -1.73906155629731062895e+00
  -2.29618737338773337697e+00
  -2.82038883839007459287e+00
  -3.30396126723016259064e+00
  -3.73979701992537094668e+00
  -4.12148994688699588096e+00
  -4.44342952686670766838e+00
  -4.70088331319622820814e+00
  -4.89006647677813965913e+00
  -5.00819742389792654791e+00
  -5.05353867155723435189e+00
  -5.02542237966795379833e+00
  -4.92426016491317408708e+00
  -4.75153705206095988700e+00
  -4.50978965161601230704e+00
  -4.20256888448723398000e+00
  -3.83438780142969548592e+00
  -3.41065526405102481533e+00
  -2.93759646193551704485e+00
  -2.42216143388151028404e+00
  -1.87192293752672522800e+00
  -1.29496516816072348988e+00
  -6.99764961994110312737e-01
  -9.50672295951495022193e-02
  +5.10243550009164437142e-01
  +1.10727388618118838259e+00
  +1.68725196594601412059e+00
  +2.24165655521920914595e+00
  +2.76234221779427135957e+00
  +3.24165901200448169917e+00
  +3.67256490612465924528e+00
  +4.04872926057590731830e+00
  +4.36462585626879651102e+00
  +4.61561410203969213484e+00
  +4.79800722784227229312e+00
  +4.90912646159953780511e+00
  +4.94734039359111843481e+00
  +4.91208894991874789326e+00
  +4.80389162276133241392e+00
  +4.62433983647661506211e+00
  +4.37607356172900896496e+00
  +4.06274252129753410401e+00
  +3.68895255764199347936e+00
  +3.26019795035240589343e+00
  +2.78278067807255169441e+00
  +2.26371781133837002287e+00
  +1.71063839718727117578e+00
  +1.13167135081260661345e+00
  +5.35326001688035235659e-01
  -6.96329504714297276013e-02
  -6.74314232397351887016e-01
  -1.26983065394596139619e+00
  -1.84742970477516221806e+00
  -2.39862217191044679865e+00
  -2.91530688817310235095e+00
  -3.38988977830079507569e+00
  -3.81539545338521435269e+00
  -4.18556971375394581969e+00
  -4.49497145402344422394e+00
  -4.73905261978411740387e+00
  -4.91422504095934264967e+00
  -5.01791315972660800782e+00
  -5.04859187816722609909e+00
  -5.00580896947602038694e+00
  -4.89019172339963059670e+00
  -4.70343772824917483177e+00
  -4.44828992494502006849e+00
  -4.12849629967277209630e+00
  -3.74875480746439571078e+00
  -3.31464433604882424689e+00
  -2.83254272445368471267e+00
  -2.30953304106974011134e+00
  -1.75329949841535071009e+00
  -1.17201453412737666149e+00
  -5.74218717515388887840e-01
  +3.13047535551724959157e-02
</dep>
