<Qucs Dataset 0.0.20>
<indep vin 10>
  +1.09000000000000007994e+00
  +2.30222222222222239196e+00
  +3.51444444444444492603e+00
  +4.72666666666666657193e+00
  +5.93888888888888910600e+00
  +7.15111111111111164007e+00
  +8.36333333333333328596e+00
  +9.57555555555555670821e+00
  +1.07877777777777783541e+01
  +1.20000000000000000000e+01
</indep>
<indep ib 20>
  +0.00000000000000000000e+00
  +3.76842105263157881028e-07
  +7.53684210526315762055e-07
  +1.13052631578947353720e-06
  +1.50736842105263152411e-06
  +1.88421052631578951102e-06
  +2.26105263157894707441e-06
  +2.63789473684210506131e-06
  +3.01473684210526304822e-06
  +3.39157894736842103513e-06
  +3.76842105263157902203e-06
  +4.14526315789473700894e-06
  +4.52210526315789414881e-06
  +4.89894736842105213572e-06
  +5.27578947368421012263e-06
  +5.65263157894736810953e-06
  +6.02947368421052609644e-06
  +6.40631578947368408335e-06
  +6.78315789473684207025e-06
  +7.16000000000000005716e-06
</indep>
<dep ic ib>
  +0.00000000000000000000e+00
  +1.88421052631578942631e-05
  +3.76842105263157885263e-05
  +5.65263157894736794013e-05
  +7.53684210526315770525e-05
  +9.42105263157894747038e-05
  +1.13052631578947358803e-04
  +1.31894736842105256454e-04
  +1.50736842105263154105e-04
  +1.69578947368421051756e-04
  +1.88421052631578949408e-04
  +2.07263157894736847059e-04
  +2.26105263157894717605e-04
  +2.44947368421052588151e-04
  +2.63789473684210512908e-04
  +2.82631578947368383454e-04
  +3.01473684210526308210e-04
  +3.20315789473684178756e-04
  +3.39157894736842103513e-04
  +3.58000000000000028269e-04
</dep>
<dep vout.V vin ib>
  +1.09000000000000007994e+00
  +2.30222222222222239196e+00
  +3.51444444444444492603e+00
  +4.72666666666666657193e+00
  +5.93888888888888910600e+00
  +7.15111111111111164007e+00
  +8.36333333333333328596e+00
  +9.57555555555555670821e+00
  +1.07877777777777783541e+01
  +1.20000000000000000000e+01
  +1.09000000000000007994e+00
  +2.30222222222222239196e+00
  +3.51444444444444492603e+00
  +4.72666666666666657193e+00
  +5.93888888888888910600e+00
  +7.15111111111111164007e+00
  +8.36333333333333328596e+00
  +9.57555555555555670821e+00
  +1.07877777777777783541e+01
  +1.20000000000000000000e+01
  +1.09000000000000007994e+00
  +2.30222222222222239196e+00
  +3.51444444444444492603e+00
  +4.72666666666666657193e+00
  +5.93888888888888910600e+00
  +7.15111111111111164007e+00
  +8.36333333333333328596e+00
  +9.57555555555555670821e+00
  +1.07877777777777783541e+01
  +1.20000000000000000000e+01
  +1.09000000000000007994e+00
  +2.30222222222222239196e+00
  +3.51444444444444492603e+00
  +4.72666666666666657193e+00
  +5.93888888888888910600e+00
  +7.15111111111111164007e+00
  +8.36333333333333328596e+00
  +9.57555555555555670821e+00
  +1.07877777777777783541e+01
  +1.20000000000000000000e+01
  +1.09000000000000007994e+00
  +2.30222222222222239196e+00
  +3.51444444444444492603e+00
  +4.72666666666666657193e+00
  +5.93888888888888910600e+00
  +7.15111111111111164007e+00
  +8.36333333333333328596e+00
  +9.57555555555555670821e+00
  +1.07877777777777783541e+01
  +1.20000000000000000000e+01
  +1.09000000000000007994e+00
  +2.30222222222222239196e+00
  +3.51444444444444492603e+00
  +4.72666666666666657193e+00
  +5.93888888888888910600e+00
  +7.15111111111111164007e+00
  +8.36333333333333328596e+00
  +9.57555555555555670821e+00
  +1.07877777777777783541e+01
  +1.20000000000000000000e+01
  +1.09000000000000007994e+00
  +2.30222222222222239196e+00
  +3.51444444444444492603e+00
  +4.72666666666666657193e+00
  +5.93888888888888910600e+00
  +7.15111111111111164007e+00
  +8.36333333333333328596e+00
  +9.57555555555555670821e+00
  +1.07877777777777783541e+01
  +1.20000000000000000000e+01
  +1.09000000000000007994e+00
  +2.30222222222222239196e+00
  +3.51444444444444492603e+00
  +4.72666666666666657193e+00
  +5.93888888888888910600e+00
  +7.15111111111111164007e+00
  +8.36333333333333328596e+00
  +9.57555555555555670821e+00
  +1.07877777777777783541e+01
  +1.20000000000000000000e+01
  +1.09000000000000007994e+00
  +2.30222222222222239196e+00
  +3.51444444444444492603e+00
  +4.72666666666666657193e+00
  +5.93888888888888910600e+00
  +7.15111111111111164007e+00
  +8.36333333333333328596e+00
  +9.57555555555555670821e+00
  +1.07877777777777783541e+01
  +1.20000000000000000000e+01
  +1.09000000000000007994e+00
  +2.30222222222222239196e+00
  +3.51444444444444492603e+00
  +4.72666666666666657193e+00
  +5.93888888888888910600e+00
  +7.15111111111111164007e+00
  +8.36333333333333328596e+00
  +9.57555555555555670821e+00
  +1.07877777777777783541e+01
  +1.20000000000000000000e+01
  +1.09000000000000007994e+00
  +2.30222222222222239196e+00
  +3.51444444444444492603e+00
  +4.72666666666666657193e+00
  +5.93888888888888910600e+00
  +7.15111111111111164007e+00
  +8.36333333333333328596e+00
  +9.57555555555555670821e+00
  +1.07877777777777783541e+01
  +1.20000000000000000000e+01
  +1.09000000000000007994e+00
  +2.30222222222222239196e+00
  +3.51444444444444492603e+00
  +4.72666666666666657193e+00
  +5.93888888888888910600e+00
  +7.15111111111111164007e+00
  +8.36333333333333328596e+00
  +9.57555555555555670821e+00
  +1.07877777777777783541e+01
  +1.20000000000000000000e+01
  +1.09000000000000007994e+00
  +2.30222222222222239196e+00
  +3.51444444444444492603e+00
  +4.72666666666666657193e+00
  +5.93888888888888910600e+00
  +7.15111111111111164007e+00
  +8.36333333333333328596e+00
  +9.57555555555555670821e+00
  +1.07877777777777783541e+01
  +1.20000000000000000000e+01
  +1.09000000000000007994e+00
  +2.30222222222222239196e+00
  +3.51444444444444492603e+00
  +4.72666666666666657193e+00
  +5.93888888888888910600e+00
  +7.15111111111111164007e+00
  +8.36333333333333328596e+00
  +9.57555555555555670821e+00
  +1.07877777777777783541e+01
  +1.20000000000000000000e+01
  +1.09000000000000007994e+00
  +2.30222222222222239196e+00
  +3.51444444444444492603e+00
  +4.72666666666666657193e+00
  +5.93888888888888910600e+00
  +7.15111111111111164007e+00
  +8.36333333333333328596e+00
  +9.57555555555555670821e+00
  +1.07877777777777783541e+01
  +1.20000000000000000000e+01
  +1.09000000000000007994e+00
  +2.30222222222222239196e+00
  +3.51444444444444492603e+00
  +4.72666666666666657193e+00
  +5.93888888888888910600e+00
  +7.15111111111111164007e+00
  +8.36333333333333328596e+00
  +9.57555555555555670821e+00
  +1.07877777777777783541e+01
  +1.20000000000000000000e+01
  +1.09000000000000007994e+00
  +2.30222222222222239196e+00
  +3.51444444444444492603e+00
  +4.72666666666666657193e+00
  +5.93888888888888910600e+00
  +7.15111111111111164007e+00
  +8.36333333333333328596e+00
  +9.57555555555555670821e+00
  +1.07877777777777783541e+01
  +1.20000000000000000000e+01
  +1.09000000000000007994e+00
  +2.30222222222222239196e+00
  +3.51444444444444492603e+00
  +4.72666666666666657193e+00
  +5.93888888888888910600e+00
  +7.15111111111111164007e+00
  +8.36333333333333328596e+00
  +9.57555555555555670821e+00
  +1.07877777777777783541e+01
  +1.20000000000000000000e+01
  +1.09000000000000007994e+00
  +2.30222222222222239196e+00
  +3.51444444444444492603e+00
  +4.72666666666666657193e+00
  +5.93888888888888910600e+00
  +7.15111111111111164007e+00
  +8.36333333333333328596e+00
  +9.57555555555555670821e+00
  +1.07877777777777783541e+01
  +1.20000000000000000000e+01
  +1.09000000000000007994e+00
  +2.30222222222222239196e+00
  +3.51444444444444492603e+00
  +4.72666666666666657193e+00
  +5.93888888888888910600e+00
  +7.15111111111111164007e+00
  +8.36333333333333328596e+00
  +9.57555555555555670821e+00
  +1.07877777777777783541e+01
  +1.20000000000000000000e+01
</dep>
<dep V1.I vin ib>
  -2.60679683981834285049e-12
  -5.09111827058940394155e-12
  -7.64746179443278451940e-12
  -1.02676510626356135793e-11
  -1.29493740281446927819e-11
  -1.56918564618761100506e-11
  -1.84944476204338273721e-11
  -2.13559797788579553488e-11
  -2.42780300372771714785e-11
  -2.72589292169692390785e-11
  -7.56702567287315206335e-05
  -7.65829720763350142894e-05
  -7.74956874834786899747e-05
  -7.84084029474100971868e-05
  -7.93211184698958349454e-05
  -8.02338340525879156534e-05
  -8.11465496921608066445e-05
  -8.20592653928726983989e-05
  -8.29719811495160730142e-05
  -8.38846969673814440690e-05
  -1.51160782886321617057e-04
  -1.52984375231759534225e-04
  -1.54807967636026532323e-04
  -1.56631560099457141930e-04
  -1.58455152618850987969e-04
  -1.60278745197952362644e-04
  -1.62102337838192141770e-04
  -1.63925930533797599301e-04
  -1.65749523288328116759e-04
  -1.67573116100457254101e-04
  -2.26488914997159912317e-04
  -2.29221554861586384591e-04
  -2.31954194290017080707e-04
  -2.34686833779729160437e-04
  -2.37419473320513396654e-04
  -2.40152112927795709446e-04
  -2.42884752587551537139e-04
  -2.45617392305160040390e-04
  -2.48350032082233129673e-04
  -2.51082671921693434576e-04
  -3.01658731437502096017e-04
  -3.05298594034956278717e-04
  -3.08938456364390697049e-04
  -3.12578318752951755596e-04
  -3.16218181196439526194e-04
  -3.19858043701503312346e-04
  -3.23497906266219793607e-04
  -3.27137768887400710860e-04
  -3.30777631565007466507e-04
  -3.34417494303534186973e-04
  -3.76672424832482765494e-04
  -3.81217691891874027339e-04
  -3.85762958828250247020e-04
  -3.90308225820376684511e-04
  -3.94853492872256268444e-04
  -3.99398759973864845001e-04
  -4.03944027137693832674e-04
  -4.08489294363505520136e-04
  -4.13034561643839837498e-04
  -4.17579828981162856812e-04
  -4.51531485407484685108e-04
  -4.56980345056674374001e-04
  -4.62429204097465531686e-04
  -4.67878063193784374686e-04
  -4.73326922347551675568e-04
  -4.78775781555942274523e-04
  -4.84224640825179166760e-04
  -4.89673500154002888825e-04
  -4.95122359535786634409e-04
  -5.00571218981955942846e-04
  -5.26237048528585592624e-04
  -5.32587707170913029868e-04
  -5.38938351583135417076e-04
  -5.45288996066355157247e-04
  -5.51639640600871321123e-04
  -5.57990285187726694355e-04
  -5.64340929843929156422e-04
  -5.70691574547323903291e-04
  -5.77042219314605046333e-04
  -5.83392864136131642991e-04
  -6.00789806808657003354e-04
  -6.08040737512449127808e-04
  -6.15291366334767223650e-04
  -6.22541995221364088432e-04
  -6.29792624160385380860e-04
  -6.37043253161213569695e-04
  -6.44293882212795539048e-04
  -6.51544511333464171875e-04
  -6.58795140497476605472e-04
  -6.66045769729605775279e-04
  -6.75185265465530438586e-04
  -6.83340273964305397469e-04
  -6.91489091944485221100e-04
  -6.99637909987288995894e-04
  -7.07786728084531645971e-04
  -7.15935546234972735626e-04
  -7.24084364450087569071e-04
  -7.32233182721577771299e-04
  -7.40382001049286891936e-04
  -7.48530819428185750786e-04
  -7.49317899445785641846e-04
  -7.58487073098817435497e-04
  -7.67532290685818212837e-04
  -7.76577508332860588607e-04
  -7.85622726039693570002e-04
  -7.94667943801629283671e-04
  -8.03713161619334839209e-04
  -8.12758379495033501591e-04
  -8.21803597424003895618e-04
  -8.30848815411080478775e-04
  -8.21288210647382554107e-04
  -8.33481834092913943454e-04
  -8.43421667419425730161e-04
  -8.53361500792158790205e-04
  -8.63301334229306469720e-04
  -8.73241167720727033165e-04
  -8.83181001273408922483e-04
  -8.93120834879699405061e-04
  -9.03060668542551197094e-04
  -9.13000502260250933889e-04
  -8.76593939869841948416e-04
  -9.08325213905776746373e-04
  -9.19157884729716878613e-04
  -9.29990555610258435790e-04
  -9.40823226558324429529e-04
  -9.51655897551148240512e-04
  -9.62488568609443768086e-04
  -9.73321239714222186980e-04
  -9.84153910887439458549e-04
  -9.94986582113267532118e-04
  -9.05086446501173315718e-04
  -9.83017837290937196437e-04
  -9.94741573025408531636e-04
  -1.00646530881443410123e-03
  -1.01818904466618423595e-03
  -1.02991278056929974963e-03
  -1.04163651653583436835e-03
  -1.05336025255175764863e-03
  -1.06508398862191944363e-03
  -1.07680772476260316894e-03
  -9.20515830270756231848e-04
  -1.05756030384443174344e-03
  -1.07017333748806288754e-03
  -1.08278637119464432766e-03
  -1.09539940495255536806e-03
  -1.10801243876970244469e-03
  -1.12062547264196819136e-03
  -1.13323850657512186467e-03
  -1.14585154055505257335e-03
  -1.15846457460368245165e-03
  -9.30477172585119564723e-04
  -1.13195319292911733902e-03
  -1.14545376306369453209e-03
  -1.15895433325381301722e-03
  -1.17245490350581082345e-03
  -1.18595547380835825493e-03
  -1.19945604417838794752e-03
  -1.21295661459776445146e-03
  -1.22645718507169909292e-03
  -1.23995775560016194793e-03
  -9.37659895191383127404e-04
  -1.20619706730751632962e-03
  -1.22058341807267166194e-03
  -1.23496976889545667655e-03
  -1.24935611977107291146e-03
  -1.26374247070353972096e-03
  -1.27812882169341330077e-03
  -1.29251517273159827887e-03
  -1.30690152383479028450e-03
  -1.32128787500320225498e-03
  -9.43200516798612417606e-04
  -1.28029247594528333351e-03
  -1.29556285699598924994e-03
  -1.31083323810679422752e-03
  -1.32610361927336449332e-03
  -1.34137400049265994445e-03
  -1.35664438177442278795e-03
  -1.37191476310020922698e-03
  -1.38718514448963486409e-03
  -1.40245552593784746087e-03
  -9.47667604956999444325e-04
  -1.35423995601231545588e-03
  -1.37039262252740376598e-03
  -1.38654528909188073764e-03
  -1.40269795572350820453e-03
  -1.41885062240284035018e-03
  -1.43500328914229128945e-03
  -1.45115595593085355136e-03
  -1.46730862278030655885e-03
  -1.48346128968531365197e-03
  -9.51381979461709929857e-04
  -1.42804003419596940196e-03
  -1.44507324721182051942e-03
  -1.46210645989595347700e-03
  -1.47913967263064798606e-03
  -1.49617288541329523932e-03
  -1.51320609827053473469e-03
  -1.53023931117307154630e-03
  -1.54727252413375086781e-03
  -1.56430573714644348751e-03
</dep>
<dep IC.I vin ib>
  +2.60679683981834285049e-12
  +5.09111827058940394155e-12
  +7.64746179443278451940e-12
  +1.02676510626356135793e-11
  +1.29493740281446927819e-11
  +1.56918564618761100506e-11
  +1.84944476204338273721e-11
  +2.13559797788579553488e-11
  +2.42780300372771714785e-11
  +2.72589292169692390785e-11
  +7.56702567287315206335e-05
  +7.65829720763350142894e-05
  +7.74956874834786899747e-05
  +7.84084029474100971868e-05
  +7.93211184698958349454e-05
  +8.02338340525879156534e-05
  +8.11465496921608066445e-05
  +8.20592653928726983989e-05
  +8.29719811495160730142e-05
  +8.38846969673814440690e-05
  +1.51160782886321617057e-04
  +1.52984375231759534225e-04
  +1.54807967636026532323e-04
  +1.56631560099457141930e-04
  +1.58455152618850987969e-04
  +1.60278745197952362644e-04
  +1.62102337838192141770e-04
  +1.63925930533797599301e-04
  +1.65749523288328116759e-04
  +1.67573116100457254101e-04
  +2.26488914997159912317e-04
  +2.29221554861586384591e-04
  +2.31954194290017080707e-04
  +2.34686833779729160437e-04
  +2.37419473320513396654e-04
  +2.40152112927795709446e-04
  +2.42884752587551537139e-04
  +2.45617392305160040390e-04
  +2.48350032082233129673e-04
  +2.51082671921693434576e-04
  +3.01658731437502096017e-04
  +3.05298594034956278717e-04
  +3.08938456364390697049e-04
  +3.12578318752951755596e-04
  +3.16218181196439526194e-04
  +3.19858043701503312346e-04
  +3.23497906266219793607e-04
  +3.27137768887400710860e-04
  +3.30777631565007466507e-04
  +3.34417494303534186973e-04
  +3.76672424832482765494e-04
  +3.81217691891874027339e-04
  +3.85762958828250247020e-04
  +3.90308225820376684511e-04
  +3.94853492872256268444e-04
  +3.99398759973864845001e-04
  +4.03944027137693832674e-04
  +4.08489294363505520136e-04
  +4.13034561643839837498e-04
  +4.17579828981162856812e-04
  +4.51531485407484685108e-04
  +4.56980345056674374001e-04
  +4.62429204097465531686e-04
  +4.67878063193784374686e-04
  +4.73326922347551675568e-04
  +4.78775781555942274523e-04
  +4.84224640825179166760e-04
  +4.89673500154002888825e-04
  +4.95122359535786634409e-04
  +5.00571218981955942846e-04
  +5.26237048528585592624e-04
  +5.32587707170913029868e-04
  +5.38938351583135417076e-04
  +5.45288996066355157247e-04
  +5.51639640600871321123e-04
  +5.57990285187726694355e-04
  +5.64340929843929156422e-04
  +5.70691574547323903291e-04
  +5.77042219314605046333e-04
  +5.83392864136131642991e-04
  +6.00789806808657003354e-04
  +6.08040737512449127808e-04
  +6.15291366334767223650e-04
  +6.22541995221364088432e-04
  +6.29792624160385380860e-04
  +6.37043253161213569695e-04
  +6.44293882212795539048e-04
  +6.51544511333464171875e-04
  +6.58795140497476605472e-04
  +6.66045769729605775279e-04
  +6.75185265465530438586e-04
  +6.83340273964305397469e-04
  +6.91489091944485221100e-04
  +6.99637909987288995894e-04
  +7.07786728084531645971e-04
  +7.15935546234972735626e-04
  +7.24084364450087569071e-04
  +7.32233182721577771299e-04
  +7.40382001049286891936e-04
  +7.48530819428185750786e-04
  +7.49317899445785641846e-04
  +7.58487073098817435497e-04
  +7.67532290685818212837e-04
  +7.76577508332860588607e-04
  +7.85622726039693570002e-04
  +7.94667943801629283671e-04
  +8.03713161619334839209e-04
  +8.12758379495033501591e-04
  +8.21803597424003895618e-04
  +8.30848815411080478775e-04
  +8.21288210647382554107e-04
  +8.33481834092913943454e-04
  +8.43421667419425730161e-04
  +8.53361500792158790205e-04
  +8.63301334229306469720e-04
  +8.73241167720727033165e-04
  +8.83181001273408922483e-04
  +8.93120834879699405061e-04
  +9.03060668542551197094e-04
  +9.13000502260250933889e-04
  +8.76593939869841948416e-04
  +9.08325213905776746373e-04
  +9.19157884729716878613e-04
  +9.29990555610258435790e-04
  +9.40823226558324429529e-04
  +9.51655897551148240512e-04
  +9.62488568609443768086e-04
  +9.73321239714222186980e-04
  +9.84153910887439458549e-04
  +9.94986582113267532118e-04
  +9.05086446501173315718e-04
  +9.83017837290937196437e-04
  +9.94741573025408531636e-04
  +1.00646530881443410123e-03
  +1.01818904466618423595e-03
  +1.02991278056929974963e-03
  +1.04163651653583436835e-03
  +1.05336025255175764863e-03
  +1.06508398862191944363e-03
  +1.07680772476260316894e-03
  +9.20515830270756231848e-04
  +1.05756030384443174344e-03
  +1.07017333748806288754e-03
  +1.08278637119464432766e-03
  +1.09539940495255536806e-03
  +1.10801243876970244469e-03
  +1.12062547264196819136e-03
  +1.13323850657512186467e-03
  +1.14585154055505257335e-03
  +1.15846457460368245165e-03
  +9.30477172585119564723e-04
  +1.13195319292911733902e-03
  +1.14545376306369453209e-03
  +1.15895433325381301722e-03
  +1.17245490350581082345e-03
  +1.18595547380835825493e-03
  +1.19945604417838794752e-03
  +1.21295661459776445146e-03
  +1.22645718507169909292e-03
  +1.23995775560016194793e-03
  +9.37659895191383127404e-04
  +1.20619706730751632962e-03
  +1.22058341807267166194e-03
  +1.23496976889545667655e-03
  +1.24935611977107291146e-03
  +1.26374247070353972096e-03
  +1.27812882169341330077e-03
  +1.29251517273159827887e-03
  +1.30690152383479028450e-03
  +1.32128787500320225498e-03
  +9.43200516798612417606e-04
  +1.28029247594528333351e-03
  +1.29556285699598924994e-03
  +1.31083323810679422752e-03
  +1.32610361927336449332e-03
  +1.34137400049265994445e-03
  +1.35664438177442278795e-03
  +1.37191476310020922698e-03
  +1.38718514448963486409e-03
  +1.40245552593784746087e-03
  +9.47667604956999444325e-04
  +1.35423995601231545588e-03
  +1.37039262252740376598e-03
  +1.38654528909188073764e-03
  +1.40269795572350820453e-03
  +1.41885062240284035018e-03
  +1.43500328914229128945e-03
  +1.45115595593085355136e-03
  +1.46730862278030655885e-03
  +1.48346128968531365197e-03
  +9.51381979461709929857e-04
  +1.42804003419596940196e-03
  +1.44507324721182051942e-03
  +1.46210645989595347700e-03
  +1.47913967263064798606e-03
  +1.49617288541329523932e-03
  +1.51320609827053473469e-03
  +1.53023931117307154630e-03
  +1.54727252413375086781e-03
  +1.56430573714644348751e-03
</dep>
<dep _net1.V vin ib>
  +1.43451490171203954738e-01
  +1.60453077316451142575e-01
  +1.70670660256065254146e-01
  +1.77989068913968845331e-01
  +1.83692625850959301292e-01
  +1.88366466882484512313e-01
  +1.92325890525146370180e-01
  +1.95759305870864819266e-01
  +1.98791380014255253394e-01
  +2.01505231304997173281e-01
  +6.64081419363298008918e-01
  +6.64995048257488785559e-01
  +6.65908677211217825409e-01
  +6.66822306221476979182e-01
  +6.67735935289762605471e-01
  +6.68649564420426001377e-01
  +6.69563193606147133430e-01
  +6.70476822853279252890e-01
  +6.71390452156523931393e-01
  +6.72304081521944763011e-01
  +7.57947684812869781901e-01
  +7.59773101165839848115e-01
  +7.61598517577874778439e-01
  +7.63423934048728214385e-01
  +7.65249350576068243512e-01
  +7.67074767162607473736e-01
  +7.68900183810943493867e-01
  +7.70725600515116515687e-01
  +7.72551017276991380811e-01
  +7.74376434095886079234e-01
  +8.44214228401545030422e-01
  +8.46949601238972782369e-01
  +8.49684973583312075363e-01
  +8.52420345988952998795e-01
  +8.55155718445861690036e-01
  +8.57891090969271408184e-01
  +8.60626463544958975049e-01
  +8.63361836178922259499e-01
  +8.66097208872877666330e-01
  +8.68832581630149980434e-01
  +9.27277367568706045731e-01
  +9.30920870263833410974e-01
  +9.34564372663030384913e-01
  +9.38207875120892653698e-01
  +9.41851377634156383678e-01
  +9.45494880208937571453e-01
  +9.49138382843321748439e-01
  +9.52781885535508576979e-01
  +9.56425388282508448512e-01
  +9.60068891090083198492e-01
  +1.00851577579012996466e+00
  +1.01306558829466686333e+00
  +1.01761540066379030378e+00
  +1.02216521308880370356e+00
  +1.02671502557407334777e+00
  +1.03126483810888269765e+00
  +1.03581465070444700416e+00
  +1.04036446336329690965e+00
  +1.04491427607633946550e+00
  +1.04946408884693065389e+00
  +1.08854406510227530447e+00
  +1.09399837378698605583e+00
  +1.09945268182492728037e+00
  +1.10490698991821756358e+00
  +1.11036129806886307847e+00
  +1.11581560627475795400e+00
  +1.12126991454051827546e+00
  +1.12672422286750961717e+00
  +1.13217853124653489161e+00
  +1.13763283968933404111e+00
  +1.16769042848289417158e+00
  +1.17404743859487603608e+00
  +1.18040443376943704479e+00
  +1.18676142901552150732e+00
  +1.19311842431283121613e+00
  +1.19947541966208026665e+00
  +1.20583241508071647985e+00
  +1.21218941054753215347e+00
  +1.21854640607704123312e+00
  +1.22490340166202260619e+00
  +1.24615077229505066825e+00
  +1.25340896687526326403e+00
  +1.26066684642969661923e+00
  +1.26792472604877204390e+00
  +1.27518260572038366618e+00
  +1.28244048545319011545e+00
  +1.28969836523693492936e+00
  +1.29695624508997342517e+00
  +1.30421412498646072109e+00
  +1.31147200495149629518e+00
  +1.32404632265225874477e+00
  +1.33220972078160726504e+00
  +1.34036668767132072233e+00
  +1.34852365462415946240e+00
  +1.35668062163149150123e+00
  +1.36483758869166105221e+00
  +1.37299455581657392500e+00
  +1.38115152299877785858e+00
  +1.38930849023561120426e+00
  +1.39746545752521145189e+00
  +1.40135385904362275156e+00
  +1.41053643727766120364e+00
  +1.41959070016485044974e+00
  +1.42864496311198019285e+00
  +1.43769922611948430813e+00
  +1.44675348918084933914e+00
  +1.45580775229918746305e+00
  +1.46486201547529293343e+00
  +1.47391627870437313952e+00
  +1.48297054199283184772e+00
  +1.47617508979751166365e+00
  +1.48845114201387263009e+00
  +1.49840091524898744169e+00
  +1.50835068853052556292e+00
  +1.51830046187576117589e+00
  +1.52825023527569570092e+00
  +1.53820000873626194782e+00
  +1.54814978225140897905e+00
  +1.55809955582293557796e+00
  +1.56804932945028796532e+00
  +1.53363253183304037996e+00
  +1.56599977329134398829e+00
  +1.57684327685456260326e+00
  +1.58768678047453493107e+00
  +1.59853028416256170985e+00
  +1.60937378789478424679e+00
  +1.62021729169291561767e+00
  +1.63106079553694138795e+00
  +1.64190429945076044049e+00
  +1.65274780341659077720e+00
  +1.56339711338978037958e+00
  +1.64321734313771528058e+00
  +1.65495280267137934160e+00
  +1.66668826225944188835e+00
  +1.67842372191036925955e+00
  +1.69015918161296152533e+00
  +1.70189464137880497319e+00
  +1.71363010119395919872e+00
  +1.72536556106331140370e+00
  +1.73710102100384178314e+00
  +1.57969752695312282142e+00
  +1.72013118103633289024e+00
  +1.73275682777234685261e+00
  +1.74538247457144435337e+00
  +1.75800812142158724427e+00
  +1.77063376833184138448e+00
  +1.78325941529698495103e+00
  +1.79588506232246203353e+00
  +1.80851070939574021246e+00
  +1.82113635653714589502e+00
  +1.59036625665775610550e+00
  +1.79676305615411058270e+00
  +1.81027712691334263795e+00
  +1.82379119772860365245e+00
  +1.83730526860543141865e+00
  +1.85081933953318245045e+00
  +1.86433341052785106484e+00
  +1.87784748157386927048e+00
  +1.89136155267331895757e+00
  +1.90487562382674280315e+00
  +1.59817429113124243045e+00
  +1.87313061355246723849e+00
  +1.88753135072008504380e+00
  +1.90193208794509294179e+00
  +1.91633282522311998441e+00
  +1.93073356255774353230e+00
  +1.94513429994935815870e+00
  +1.95953503739049983423e+00
  +1.97393577489622407128e+00
  +1.98833651246781917266e+00
  +1.60429211610113653386e+00
  +1.94924837450332111288e+00
  +1.96453402598323023653e+00
  +1.97981967752333964938e+00
  +1.99510532911951932178e+00
  +2.01039098076870281773e+00
  +2.02567663248013474231e+00
  +2.04096228423461800716e+00
  +2.05624793605369093896e+00
  +2.07153358793240727209e+00
  +1.60930513501694405498e+00
  +2.02512845044238964931e+00
  +2.04129726966969471391e+00
  +2.05746608894590377048e+00
  +2.07363490829003094262e+00
  +2.08980372768118671800e+00
  +2.10597254713297177275e+00
  +2.12214136663413199813e+00
  +2.13831018619661161750e+00
  +2.15447900581361295735e+00
  +1.61354360453426015631e+00
  +2.10078106348636062251e+00
  +2.11783130976570443949e+00
  +2.13488155570574100750e+00
  +2.15193180169647169109e+00
  +2.16898204773468394890e+00
  +2.18603229384816977188e+00
  +2.20308254000718006793e+00
  +2.22013278622391263539e+00
  +2.23718303249278882561e+00
</dep>
<dep _net2.V vin ib>
  +1.09000000000000007994e+00
  +2.30222222222222239196e+00
  +3.51444444444444492603e+00
  +4.72666666666666657193e+00
  +5.93888888888888910600e+00
  +7.15111111111111164007e+00
  +8.36333333333333328596e+00
  +9.57555555555555670821e+00
  +1.07877777777777783541e+01
  +1.20000000000000000000e+01
  +1.09000000000000007994e+00
  +2.30222222222222239196e+00
  +3.51444444444444492603e+00
  +4.72666666666666657193e+00
  +5.93888888888888910600e+00
  +7.15111111111111164007e+00
  +8.36333333333333328596e+00
  +9.57555555555555670821e+00
  +1.07877777777777783541e+01
  +1.20000000000000000000e+01
  +1.09000000000000007994e+00
  +2.30222222222222239196e+00
  +3.51444444444444492603e+00
  +4.72666666666666657193e+00
  +5.93888888888888910600e+00
  +7.15111111111111164007e+00
  +8.36333333333333328596e+00
  +9.57555555555555670821e+00
  +1.07877777777777783541e+01
  +1.20000000000000000000e+01
  +1.09000000000000007994e+00
  +2.30222222222222239196e+00
  +3.51444444444444492603e+00
  +4.72666666666666657193e+00
  +5.93888888888888910600e+00
  +7.15111111111111164007e+00
  +8.36333333333333328596e+00
  +9.57555555555555670821e+00
  +1.07877777777777783541e+01
  +1.20000000000000000000e+01
  +1.09000000000000007994e+00
  +2.30222222222222239196e+00
  +3.51444444444444492603e+00
  +4.72666666666666657193e+00
  +5.93888888888888910600e+00
  +7.15111111111111164007e+00
  +8.36333333333333328596e+00
  +9.57555555555555670821e+00
  +1.07877777777777783541e+01
  +1.20000000000000000000e+01
  +1.09000000000000007994e+00
  +2.30222222222222239196e+00
  +3.51444444444444492603e+00
  +4.72666666666666657193e+00
  +5.93888888888888910600e+00
  +7.15111111111111164007e+00
  +8.36333333333333328596e+00
  +9.57555555555555670821e+00
  +1.07877777777777783541e+01
  +1.20000000000000000000e+01
  +1.09000000000000007994e+00
  +2.30222222222222239196e+00
  +3.51444444444444492603e+00
  +4.72666666666666657193e+00
  +5.93888888888888910600e+00
  +7.15111111111111164007e+00
  +8.36333333333333328596e+00
  +9.57555555555555670821e+00
  +1.07877777777777783541e+01
  +1.20000000000000000000e+01
  +1.09000000000000007994e+00
  +2.30222222222222239196e+00
  +3.51444444444444492603e+00
  +4.72666666666666657193e+00
  +5.93888888888888910600e+00
  +7.15111111111111164007e+00
  +8.36333333333333328596e+00
  +9.57555555555555670821e+00
  +1.07877777777777783541e+01
  +1.20000000000000000000e+01
  +1.09000000000000007994e+00
  +2.30222222222222239196e+00
  +3.51444444444444492603e+00
  +4.72666666666666657193e+00
  +5.93888888888888910600e+00
  +7.15111111111111164007e+00
  +8.36333333333333328596e+00
  +9.57555555555555670821e+00
  +1.07877777777777783541e+01
  +1.20000000000000000000e+01
  +1.09000000000000007994e+00
  +2.30222222222222239196e+00
  +3.51444444444444492603e+00
  +4.72666666666666657193e+00
  +5.93888888888888910600e+00
  +7.15111111111111164007e+00
  +8.36333333333333328596e+00
  +9.57555555555555670821e+00
  +1.07877777777777783541e+01
  +1.20000000000000000000e+01
  +1.09000000000000007994e+00
  +2.30222222222222239196e+00
  +3.51444444444444492603e+00
  +4.72666666666666657193e+00
  +5.93888888888888910600e+00
  +7.15111111111111164007e+00
  +8.36333333333333328596e+00
  +9.57555555555555670821e+00
  +1.07877777777777783541e+01
  +1.20000000000000000000e+01
  +1.09000000000000007994e+00
  +2.30222222222222239196e+00
  +3.51444444444444492603e+00
  +4.72666666666666657193e+00
  +5.93888888888888910600e+00
  +7.15111111111111164007e+00
  +8.36333333333333328596e+00
  +9.57555555555555670821e+00
  +1.07877777777777783541e+01
  +1.20000000000000000000e+01
  +1.09000000000000007994e+00
  +2.30222222222222239196e+00
  +3.51444444444444492603e+00
  +4.72666666666666657193e+00
  +5.93888888888888910600e+00
  +7.15111111111111164007e+00
  +8.36333333333333328596e+00
  +9.57555555555555670821e+00
  +1.07877777777777783541e+01
  +1.20000000000000000000e+01
  +1.09000000000000007994e+00
  +2.30222222222222239196e+00
  +3.51444444444444492603e+00
  +4.72666666666666657193e+00
  +5.93888888888888910600e+00
  +7.15111111111111164007e+00
  +8.36333333333333328596e+00
  +9.57555555555555670821e+00
  +1.07877777777777783541e+01
  +1.20000000000000000000e+01
  +1.09000000000000007994e+00
  +2.30222222222222239196e+00
  +3.51444444444444492603e+00
  +4.72666666666666657193e+00
  +5.93888888888888910600e+00
  +7.15111111111111164007e+00
  +8.36333333333333328596e+00
  +9.57555555555555670821e+00
  +1.07877777777777783541e+01
  +1.20000000000000000000e+01
  +1.09000000000000007994e+00
  +2.30222222222222239196e+00
  +3.51444444444444492603e+00
  +4.72666666666666657193e+00
  +5.93888888888888910600e+00
  +7.15111111111111164007e+00
  +8.36333333333333328596e+00
  +9.57555555555555670821e+00
  +1.07877777777777783541e+01
  +1.20000000000000000000e+01
  +1.09000000000000007994e+00
  +2.30222222222222239196e+00
  +3.51444444444444492603e+00
  +4.72666666666666657193e+00
  +5.93888888888888910600e+00
  +7.15111111111111164007e+00
  +8.36333333333333328596e+00
  +9.57555555555555670821e+00
  +1.07877777777777783541e+01
  +1.20000000000000000000e+01
  +1.09000000000000007994e+00
  +2.30222222222222239196e+00
  +3.51444444444444492603e+00
  +4.72666666666666657193e+00
  +5.93888888888888910600e+00
  +7.15111111111111164007e+00
  +8.36333333333333328596e+00
  +9.57555555555555670821e+00
  +1.07877777777777783541e+01
  +1.20000000000000000000e+01
  +1.09000000000000007994e+00
  +2.30222222222222239196e+00
  +3.51444444444444492603e+00
  +4.72666666666666657193e+00
  +5.93888888888888910600e+00
  +7.15111111111111164007e+00
  +8.36333333333333328596e+00
  +9.57555555555555670821e+00
  +1.07877777777777783541e+01
  +1.20000000000000000000e+01
  +1.09000000000000007994e+00
  +2.30222222222222239196e+00
  +3.51444444444444492603e+00
  +4.72666666666666657193e+00
  +5.93888888888888910600e+00
  +7.15111111111111164007e+00
  +8.36333333333333328596e+00
  +9.57555555555555670821e+00
  +1.07877777777777783541e+01
  +1.20000000000000000000e+01
</dep>
<dep _net3.V vin ib>
  +2.60678104196736848709e-09
  +5.09107729622595095147e-09
  +7.64742183988361276443e-09
  +1.02676147607231345048e-08
  +1.29492606877751318755e-08
  +1.56916984594208326079e-08
  +1.84944403226581046391e-08
  +2.13562121536769998864e-08
  +2.42780612462967566521e-08
  +2.72588558618634051344e-08
  +7.60470988339269071687e-02
  +7.69598141816576486463e-02
  +7.78725295886699697689e-02
  +7.87852450525963199368e-02
  +7.96979605747175634534e-02
  +8.06106761583774700242e-02
  +8.15233917977280508893e-02
  +8.24361074977215668724e-02
  +8.33488232546681917512e-02
  +8.42615390729316571239e-02
  +1.51914467096838312621e-01
  +1.53738059442302232860e-01
  +1.55561651846703896673e-01
  +1.57385244309780847338e-01
  +1.59208836829667910173e-01
  +1.61032429408574095930e-01
  +1.62856022048730397778e-01
  +1.64679614745045554969e-01
  +1.66503207498966743216e-01
  +1.68326800310129143234e-01
  +2.27619441312985393289e-01
  +2.30352081177632728171e-01
  +2.33084720606004047738e-01
  +2.35817360095279315857e-01
  +2.38549999636541110171e-01
  +2.41282639243351249014e-01
  +2.44015278903069621208e-01
  +2.46747918620927264577e-01
  +2.49480558398688101462e-01
  +2.52213198239203184592e-01
  +3.03166099858677040579e-01
  +3.06805962456048741949e-01
  +3.10445824785680835056e-01
  +3.14085687173854322118e-01
  +3.17725549617592251117e-01
  +3.21365412122585625276e-01
  +3.25005274686944845008e-01
  +3.28645137309095725087e-01
  +3.32284999986296680774e-01
  +3.35924862723724348967e-01
  +3.78556635358835213978e-01
  +3.83101902418000239692e-01
  +3.87647169354299103716e-01
  +3.92192436346542994130e-01
  +3.96737703398867935789e-01
  +4.01282970501174451883e-01
  +4.05828237663962143600e-01
  +4.10373504889757434455e-01
  +4.14918772169892813295e-01
  +4.19464039507530417339e-01
  +4.53792538039134774053e-01
  +4.59241397688430863511e-01
  +4.64690256729191286666e-01
  +4.70139115825387809977e-01
  +4.75587974978909144852e-01
  +4.81036834187752448955e-01
  +4.86485693456351953046e-01
  +4.91934552785908030259e-01
  +4.97383412167722527286e-01
  +5.02832271612953185524e-01
  +5.28874943265458252739e-01
  +5.35225601907924231071e-01
  +5.41576246320226717401e-01
  +5.47926890803352328874e-01
  +5.54277535337949878169e-01
  +5.60628179924685721147e-01
  +5.66978824580194995519e-01
  +5.73329469284254766848e-01
  +5.79680114050776573720e-01
  +5.86030758872805535020e-01
  +6.03804543650829694812e-01
  +6.11055474354516459101e-01
  +6.18306103176939236832e-01
  +6.25556732063683451628e-01
  +6.32807361003067114780e-01
  +6.40057990003453092243e-01
  +6.47308619055030565193e-01
  +6.54559248175309082995e-01
  +6.61809877339547991681e-01
  +6.69060506571920621255e-01
  +6.78576844412969615306e-01
  +6.86731852911764528713e-01
  +6.94880670891830032332e-01
  +7.03029488934734159145e-01
  +7.11178307032186873826e-01
  +7.19327125182589455221e-01
  +7.27475943397394742007e-01
  +7.35624761669487092774e-01
  +7.43773579996166001038e-01
  +7.51922398375796108283e-01
  +7.53086320498407069124e-01
  +7.62255494151590440310e-01
  +7.71300711738728494993e-01
  +7.80345929385662717692e-01
  +7.89391147092818101783e-01
  +7.98436364853854829704e-01
  +8.07481582671833342246e-01
  +8.16526800547495712479e-01
  +8.25572018476259827935e-01
  +8.34617236464207268298e-01
  +8.25433473805545991908e-01
  +8.37627097250801089245e-01
  +8.47566930577438037986e-01
  +8.57506763950748318592e-01
  +8.67446597387503626209e-01
  +8.77386430878988043958e-01
  +8.87326264430915001569e-01
  +8.97266098037435622103e-01
  +9.07205931700327150580e-01
  +9.17145765419036251842e-01
  +8.81116045133232272946e-01
  +9.12847319169077575651e-01
  +9.23679989992898686779e-01
  +9.34512660873400680117e-01
  +9.45345331821620948887e-01
  +9.56178002814302319123e-01
  +9.67010673872582326993e-01
  +9.77843344977018524844e-01
  +9.88676016150883407718e-01
  +9.99508687376771565170e-01
  +9.09985393869613412576e-01
  +9.87916784659491176157e-01
  +9.99640520394090348333e-01
  +1.01136425618308734009e+00
  +1.02308799203473688166e+00
  +1.03481172793812725708e+00
  +1.04653546390455920445e+00
  +1.05825919992040673456e+00
  +1.06998293599050287028e+00
  +1.08170667213130844431e+00
  +9.25791619744537941372e-01
  +1.06283609331822481714e+00
  +1.07544912696187799916e+00
  +1.08806216066838001844e+00
  +1.10067519442604355717e+00
  +1.11328822824364626065e+00
  +1.12590126211613128504e+00
  +1.13851429604881349000e+00
  +1.15112733002944644944e+00
  +1.16374036407789382963e+00
  +9.36129804164212542261e-01
  +1.13760582450821101652e+00
  +1.15110639464256903075e+00
  +1.16460696483290893077e+00
  +1.17810753508462506822e+00
  +1.19160810538735173481e+00
  +1.20510867575667890428e+00
  +1.21860924617744892373e+00
  +1.23210981665164975851e+00
  +1.24561038717984584601e+00
  +9.43689368875600065323e-01
  +1.21222654099171767150e+00
  +1.22661289175716836652e+00
  +1.24099924257994409516e+00
  +1.25538559345574807224e+00
  +1.26977194438806617605e+00
  +1.28415829537733272581e+00
  +1.29854464641619893328e+00
  +1.31293099751943520559e+00
  +1.32731734868827833118e+00
  +9.49606832588224092362e-01
  +1.28669879173503920455e+00
  +1.30196917278565860165e+00
  +1.31723955389632885193e+00
  +1.33250993506303139213e+00
  +1.34778031628271710574e+00
  +1.36305069756451269214e+00
  +1.37832107888952437591e+00
  +1.39359146027893654463e+00
  +1.40886184172783623936e+00
  +9.54450762851877465565e-01
  +1.36102311390724661777e+00
  +1.37717578042242472236e+00
  +1.39332844698657165594e+00
  +1.40948111361835959343e+00
  +1.42563378029729070917e+00
  +1.44178644703671299254e+00
  +1.45793911382556640177e+00
  +1.47409178067560819869e+00
  +1.49024444758011709311e+00
  +9.58541979461784210415e-01
  +1.43520003419595010286e+00
  +1.45223324721195234943e+00
  +1.46926645989609649945e+00
  +1.48629967263097784169e+00
  +1.50333288541342202649e+00
  +1.52036609827074631340e+00
  +1.53739931117371853020e+00
  +1.55443252413432597692e+00
  +1.57146573714709036906e+00
</dep>
<dep _net0.V vin ib>
  +1.09000000000000007994e+00
  +2.30222222222222239196e+00
  +3.51444444444444492603e+00
  +4.72666666666666657193e+00
  +5.93888888888888910600e+00
  +7.15111111111111164007e+00
  +8.36333333333333328596e+00
  +9.57555555555555670821e+00
  +1.07877777777777783541e+01
  +1.20000000000000000000e+01
  +1.09000000000000007994e+00
  +2.30222222222222239196e+00
  +3.51444444444444492603e+00
  +4.72666666666666657193e+00
  +5.93888888888888910600e+00
  +7.15111111111111164007e+00
  +8.36333333333333328596e+00
  +9.57555555555555670821e+00
  +1.07877777777777783541e+01
  +1.20000000000000000000e+01
  +1.09000000000000007994e+00
  +2.30222222222222239196e+00
  +3.51444444444444492603e+00
  +4.72666666666666657193e+00
  +5.93888888888888910600e+00
  +7.15111111111111164007e+00
  +8.36333333333333328596e+00
  +9.57555555555555670821e+00
  +1.07877777777777783541e+01
  +1.20000000000000000000e+01
  +1.09000000000000007994e+00
  +2.30222222222222239196e+00
  +3.51444444444444492603e+00
  +4.72666666666666657193e+00
  +5.93888888888888910600e+00
  +7.15111111111111164007e+00
  +8.36333333333333328596e+00
  +9.57555555555555670821e+00
  +1.07877777777777783541e+01
  +1.20000000000000000000e+01
  +1.09000000000000007994e+00
  +2.30222222222222239196e+00
  +3.51444444444444492603e+00
  +4.72666666666666657193e+00
  +5.93888888888888910600e+00
  +7.15111111111111164007e+00
  +8.36333333333333328596e+00
  +9.57555555555555670821e+00
  +1.07877777777777783541e+01
  +1.20000000000000000000e+01
  +1.09000000000000007994e+00
  +2.30222222222222239196e+00
  +3.51444444444444492603e+00
  +4.72666666666666657193e+00
  +5.93888888888888910600e+00
  +7.15111111111111164007e+00
  +8.36333333333333328596e+00
  +9.57555555555555670821e+00
  +1.07877777777777783541e+01
  +1.20000000000000000000e+01
  +1.09000000000000007994e+00
  +2.30222222222222239196e+00
  +3.51444444444444492603e+00
  +4.72666666666666657193e+00
  +5.93888888888888910600e+00
  +7.15111111111111164007e+00
  +8.36333333333333328596e+00
  +9.57555555555555670821e+00
  +1.07877777777777783541e+01
  +1.20000000000000000000e+01
  +1.09000000000000007994e+00
  +2.30222222222222239196e+00
  +3.51444444444444492603e+00
  +4.72666666666666657193e+00
  +5.93888888888888910600e+00
  +7.15111111111111164007e+00
  +8.36333333333333328596e+00
  +9.57555555555555670821e+00
  +1.07877777777777783541e+01
  +1.20000000000000000000e+01
  +1.09000000000000007994e+00
  +2.30222222222222239196e+00
  +3.51444444444444492603e+00
  +4.72666666666666657193e+00
  +5.93888888888888910600e+00
  +7.15111111111111164007e+00
  +8.36333333333333328596e+00
  +9.57555555555555670821e+00
  +1.07877777777777783541e+01
  +1.20000000000000000000e+01
  +1.09000000000000007994e+00
  +2.30222222222222239196e+00
  +3.51444444444444492603e+00
  +4.72666666666666657193e+00
  +5.93888888888888910600e+00
  +7.15111111111111164007e+00
  +8.36333333333333328596e+00
  +9.57555555555555670821e+00
  +1.07877777777777783541e+01
  +1.20000000000000000000e+01
  +1.09000000000000007994e+00
  +2.30222222222222239196e+00
  +3.51444444444444492603e+00
  +4.72666666666666657193e+00
  +5.93888888888888910600e+00
  +7.15111111111111164007e+00
  +8.36333333333333328596e+00
  +9.57555555555555670821e+00
  +1.07877777777777783541e+01
  +1.20000000000000000000e+01
  +1.09000000000000007994e+00
  +2.30222222222222239196e+00
  +3.51444444444444492603e+00
  +4.72666666666666657193e+00
  +5.93888888888888910600e+00
  +7.15111111111111164007e+00
  +8.36333333333333328596e+00
  +9.57555555555555670821e+00
  +1.07877777777777783541e+01
  +1.20000000000000000000e+01
  +1.09000000000000007994e+00
  +2.30222222222222239196e+00
  +3.51444444444444492603e+00
  +4.72666666666666657193e+00
  +5.93888888888888910600e+00
  +7.15111111111111164007e+00
  +8.36333333333333328596e+00
  +9.57555555555555670821e+00
  +1.07877777777777783541e+01
  +1.20000000000000000000e+01
  +1.09000000000000007994e+00
  +2.30222222222222239196e+00
  +3.51444444444444492603e+00
  +4.72666666666666657193e+00
  +5.93888888888888910600e+00
  +7.15111111111111164007e+00
  +8.36333333333333328596e+00
  +9.57555555555555670821e+00
  +1.07877777777777783541e+01
  +1.20000000000000000000e+01
  +1.09000000000000007994e+00
  +2.30222222222222239196e+00
  +3.51444444444444492603e+00
  +4.72666666666666657193e+00
  +5.93888888888888910600e+00
  +7.15111111111111164007e+00
  +8.36333333333333328596e+00
  +9.57555555555555670821e+00
  +1.07877777777777783541e+01
  +1.20000000000000000000e+01
  +1.09000000000000007994e+00
  +2.30222222222222239196e+00
  +3.51444444444444492603e+00
  +4.72666666666666657193e+00
  +5.93888888888888910600e+00
  +7.15111111111111164007e+00
  +8.36333333333333328596e+00
  +9.57555555555555670821e+00
  +1.07877777777777783541e+01
  +1.20000000000000000000e+01
  +1.09000000000000007994e+00
  +2.30222222222222239196e+00
  +3.51444444444444492603e+00
  +4.72666666666666657193e+00
  +5.93888888888888910600e+00
  +7.15111111111111164007e+00
  +8.36333333333333328596e+00
  +9.57555555555555670821e+00
  +1.07877777777777783541e+01
  +1.20000000000000000000e+01
  +1.09000000000000007994e+00
  +2.30222222222222239196e+00
  +3.51444444444444492603e+00
  +4.72666666666666657193e+00
  +5.93888888888888910600e+00
  +7.15111111111111164007e+00
  +8.36333333333333328596e+00
  +9.57555555555555670821e+00
  +1.07877777777777783541e+01
  +1.20000000000000000000e+01
  +1.09000000000000007994e+00
  +2.30222222222222239196e+00
  +3.51444444444444492603e+00
  +4.72666666666666657193e+00
  +5.93888888888888910600e+00
  +7.15111111111111164007e+00
  +8.36333333333333328596e+00
  +9.57555555555555670821e+00
  +1.07877777777777783541e+01
  +1.20000000000000000000e+01
  +1.09000000000000007994e+00
  +2.30222222222222239196e+00
  +3.51444444444444492603e+00
  +4.72666666666666657193e+00
  +5.93888888888888910600e+00
  +7.15111111111111164007e+00
  +8.36333333333333328596e+00
  +9.57555555555555670821e+00
  +1.07877777777777783541e+01
  +1.20000000000000000000e+01
</dep>
