<Qucs Dataset 0.0.20>
<indep vin 10>
  +4.00000000000000000000e+00
  +4.88888888888888928363e+00
  +5.77777777777777767909e+00
  +6.66666666666666607455e+00
  +7.55555555555555535818e+00
  +8.44444444444444464182e+00
  +9.33333333333333214910e+00
  +1.02222222222222214327e+01
  +1.11111111111111107164e+01
  +1.20000000000000000000e+01
</indep>
<indep ib 25>
  +0.00000000000000000000e+00
  +1.87583333333333330227e-06
  +3.75166666666666660454e-06
  +5.62749999999999990681e-06
  +7.50333333333333320908e-06
  +9.37916666666666651135e-06
  +1.12549999999999998136e-05
  +1.31308333333333331159e-05
  +1.50066666666666664182e-05
  +1.68824999999999997204e-05
  +1.87583333333333330227e-05
  +2.06341666666666663250e-05
  +2.25099999999999996272e-05
  +2.43858333333333329295e-05
  +2.62616666666666662318e-05
  +2.81374999999999995341e-05
  +3.00133333333333328363e-05
  +3.18891666666666661386e-05
  +3.37649999999999994409e-05
  +3.56408333333333327431e-05
  +3.75166666666666660454e-05
  +3.93924999999999993477e-05
  +4.12683333333333326499e-05
  +4.31441666666666659522e-05
  +4.50199999999999992545e-05
</indep>
<dep ic vin ib>
  +8.68913493778645145092e-12
  +1.06228261762923340955e-11
  +1.25892261507889746672e-11
  +1.45885699506679175251e-11
  +1.66200374039703979207e-11
  +1.86839462587650824665e-11
  +2.07792055332581941093e-11
  +2.29072975307684616649e-11
  +2.50667472833580050071e-11
  +2.72589292169692390785e-11
  +3.85869428730137710264e-04
  +3.89187602587349524598e-04
  +3.92505776477537619059e-04
  +3.95823950398244432582e-04
  +3.99142124349141397700e-04
  +4.02460298335479847633e-04
  +4.05778472342734617458e-04
  +4.09096646391901607506e-04
  +4.12414820470734320556e-04
  +4.15732994575314775219e-04
  +7.67761798603795557472e-04
  +7.74365209567275700024e-04
  +7.80968620560310218016e-04
  +7.87572031589043176740e-04
  +7.94175442643680977971e-04
  +8.00778853736901306132e-04
  +8.07382264847161714577e-04
  +8.13985676004443971243e-04
  +8.20589087180316717300e-04
  +8.27192498393698413296e-04
  +1.14582198027823401257e-03
  +1.15567821137543369318e-03
  +1.16553444249888928097e-03
  +1.17539067366043657736e-03
  +1.18524690484475255306e-03
  +1.19510313606063290660e-03
  +1.20495936731034101845e-03
  +1.21481559858136801446e-03
  +1.22467182988900916835e-03
  +1.23452806122669833493e-03
  +1.52012726910045136396e-03
  +1.53320441014476670748e-03
  +1.54628155120598888284e-03
  +1.55935869231404056895e-03
  +1.57243583344783143148e-03
  +1.58551297460533856601e-03
  +1.59859011580015830147e-03
  +1.61166725701370090740e-03
  +1.62474439826324032650e-03
  +1.63782153953973886630e-03
  +1.89074423579465981417e-03
  +1.90701087262907013030e-03
  +1.92327750949507908507e-03
  +1.93954414638716071684e-03
  +1.95581078331612647284e-03
  +1.97207742026547349495e-03
  +1.98834405724552642364e-03
  +2.00461069426828217277e-03
  +2.02087733131118933716e-03
  +2.03714396837086824180e-03
  +2.25773468827863369596e-03
  +2.27715989232512910564e-03
  +2.29658509639816231507e-03
  +2.31601030048709556619e-03
  +2.33543550461398369961e-03
  +2.35486070877676239438e-03
  +2.37428591296106380332e-03
  +2.39371111717768744742e-03
  +2.41313632142403991510e-03
  +2.43256152568993751217e-03
  +2.62115751417389903147e-03
  +2.64371083220267966835e-03
  +2.66626415024917356664e-03
  +2.68881746833932221488e-03
  +2.71137078644192444296e-03
  +2.73392410458488197694e-03
  +2.75647742275053750025e-03
  +2.77903074095128257634e-03
  +2.80158405917618324316e-03
  +2.82413737742361059535e-03
  +2.98106946262818427867e-03
  +3.00672090687695119093e-03
  +3.03237235113666030520e-03
  +3.05802379542641136062e-03
  +3.08367523974173484216e-03
  +3.10932668410403073231e-03
  +3.13497812847552369264e-03
  +3.16062957287718956575e-03
  +3.18628101731085328074e-03
  +3.21193246177315294351e-03
  +3.33752553918850638354e-03
  +3.36624558274196310562e-03
  +3.39496562122893657046e-03
  +3.42368565974091780893e-03
  +3.45240569827406180645e-03
  +3.48112573683753484186e-03
  +3.50984577542472805239e-03
  +3.53856581404692711532e-03
  +3.56728585271277182089e-03
  +3.59600589138654985061e-03
  +3.68595202035456280532e-03
  +3.72233881143598779526e-03
  +3.75409835851320651881e-03
  +3.78585790562655562924e-03
  +3.81761745277822131181e-03
  +3.84937699994843942827e-03
  +3.88113654713659198339e-03
  +3.91289609435099480783e-03
  +3.94465564159517112497e-03
  +3.97641518886081464512e-03
  +3.78657851255357605011e-03
  +4.07505318020601366158e-03
  +4.10982358766661011462e-03
  +4.14459399495991677453e-03
  +4.17936440227498727518e-03
  +4.21413480962405922331e-03
  +4.24890521701945869659e-03
  +4.28367562440636583110e-03
  +4.31844603183592634643e-03
  +4.35321643930969802427e-03
  +3.80597367395556131914e-03
  +4.42441882041748595772e-03
  +4.46219306540444719811e-03
  +4.49994611274128538531e-03
  +4.53769916013190607179e-03
  +4.57545220753355613014e-03
  +4.61320525494830682017e-03
  +4.65095830241791727278e-03
  +4.68871134989681283278e-03
  +4.72646439740696030357e-03
  +3.81579040081207873300e-03
  +4.64505808744640827368e-03
  +4.81125735912187567356e-03
  +4.85196524639599623824e-03
  +4.89267313326152957637e-03
  +4.93338102015022754443e-03
  +4.97408890707172653134e-03
  +5.01479679401775190611e-03
  +5.05550468099799556881e-03
  +5.09621256801718203883e-03
  +3.82196535444518509239e-03
  +4.67529730880852315705e-03
  +5.15706583601417255930e-03
  +5.20070124791675598291e-03
  +5.24433658482621745112e-03
  +5.28797192174930170278e-03
  +5.33160725872354555183e-03
  +5.37524259570223029298e-03
  +5.41887793270661236034e-03
  +5.46251326976221994458e-03
  +3.82622086877660574564e-03
  +4.68780117986937212154e-03
  +5.47774367970293128705e-03
  +5.54620288546982167371e-03
  +5.59273868578465463419e-03
  +5.63927448616855734459e-03
  +5.68581028653843828513e-03
  +5.73234608693778437127e-03
  +5.77888188736836588832e-03
  +5.82541768782481386713e-03
  +3.82929171353519086016e-03
  +4.69518184252627410191e-03
  +5.54271429181435112965e-03
  +5.88851788680493700573e-03
  +5.93792755902650386951e-03
  +5.98733723098296422016e-03
  +6.03674690295663823186e-03
  +6.08615657490915468869e-03
  +6.13556624694590324598e-03
  +6.18497591898987519182e-03
  +3.83155889505216052521e-03
  +4.70012210859520589840e-03
  +5.55967771044661544788e-03
  +6.22754521826810684276e-03
  +6.27995031781785305325e-03
  +6.33220765646891510514e-03
  +6.38446499513082785238e-03
  +6.43672233380401977165e-03
  +6.48897967252479949268e-03
  +6.54123701124594350564e-03
  +3.83324527304390637664e-03
  +4.70363539969059427093e-03
  +5.56874108421522712176e-03
  +6.40480494665977232588e-03
  +6.61885310020919864077e-03
  +6.67393228020999110250e-03
  +6.72901145995734480121e-03
  +6.78409063973287387861e-03
  +6.83916981950954527142e-03
  +6.89424899932379858097e-03
  +3.83449240405325623982e-03
  +4.70621290129004388181e-03
  +5.57456194124730970707e-03
  +6.43062298934021780994e-03
  +6.95468069641827155158e-03
  +7.01255666885146691780e-03
  +7.07043223587856123347e-03
  +7.12830780293688577587e-03
  +7.18618337000033035461e-03
  +7.24405893710157715998e-03
  +3.83539577852552888981e-03
  +4.70812968946000137693e-03
  +5.57861703249262069759e-03
  +6.44219998287352824118e-03
  +7.24775811509050741505e-03
  +7.34812546720391319977e-03
  +7.40877233224148789431e-03
  +7.46941919731543366862e-03
  +7.53006606243454904015e-03
  +7.59071292756337973051e-03
  +3.83602284023329322821e-03
  +4.70955523494432249515e-03
  +5.58156204919300208411e-03
  +6.44919760536258497574e-03
  +7.29935562752211369170e-03
  +7.68068242438605611883e-03
  +7.74407585669542944395e-03
  +7.80746928802901300759e-03
  +7.87086271935413805956e-03
  +7.93425615071526556255e-03
  +3.83642298309346072710e-03
  +4.71060129704124405658e-03
  +5.58374500980414988083e-03
  +6.45393401500140694721e-03
  +7.31509087094986496652e-03
  +8.00985087884987720375e-03
  +8.07638604095235919378e-03
  +8.14250165722521339340e-03
  +8.20861727349050766811e-03
  +8.27473288979318870318e-03
  +3.83663346016170419758e-03
  +4.71134543968362851096e-03
  +5.58537263802781798472e-03
  +6.45732352743984272525e-03
  +7.32374083171352836807e-03
  +8.16281700689549388761e-03
  +8.40574526472034552760e-03
  +8.47455902866929393358e-03
  +8.54337279234600351085e-03
  +8.61218655605494945449e-03
  +3.83668305852431432146e-03
  +4.71184368142043338151e-03
  +5.58657769022688922150e-03
  +6.45981966857424230039e-03
  +7.32936070413772299686e-03
  +8.18674853596852193649e-03
  +8.73219414666222444599e-03
  +8.80368329089965470646e-03
  +8.87517150164534966705e-03
  +8.94665971245973273840e-03
</dep>
<dep vout.V vin ib>
  +4.00000000000000000000e+00
  +4.88888888888888928363e+00
  +5.77777777777777767909e+00
  +6.66666666666666607455e+00
  +7.55555555555555535818e+00
  +8.44444444444444464182e+00
  +9.33333333333333214910e+00
  +1.02222222222222214327e+01
  +1.11111111111111107164e+01
  +1.20000000000000000000e+01
  +4.00000000000000000000e+00
  +4.88888888888888928363e+00
  +5.77777777777777767909e+00
  +6.66666666666666607455e+00
  +7.55555555555555535818e+00
  +8.44444444444444464182e+00
  +9.33333333333333214910e+00
  +1.02222222222222214327e+01
  +1.11111111111111107164e+01
  +1.20000000000000000000e+01
  +4.00000000000000000000e+00
  +4.88888888888888928363e+00
  +5.77777777777777767909e+00
  +6.66666666666666607455e+00
  +7.55555555555555535818e+00
  +8.44444444444444464182e+00
  +9.33333333333333214910e+00
  +1.02222222222222214327e+01
  +1.11111111111111107164e+01
  +1.20000000000000000000e+01
  +4.00000000000000000000e+00
  +4.88888888888888928363e+00
  +5.77777777777777767909e+00
  +6.66666666666666607455e+00
  +7.55555555555555535818e+00
  +8.44444444444444464182e+00
  +9.33333333333333214910e+00
  +1.02222222222222214327e+01
  +1.11111111111111107164e+01
  +1.20000000000000000000e+01
  +4.00000000000000000000e+00
  +4.88888888888888928363e+00
  +5.77777777777777767909e+00
  +6.66666666666666607455e+00
  +7.55555555555555535818e+00
  +8.44444444444444464182e+00
  +9.33333333333333214910e+00
  +1.02222222222222214327e+01
  +1.11111111111111107164e+01
  +1.20000000000000000000e+01
  +4.00000000000000000000e+00
  +4.88888888888888928363e+00
  +5.77777777777777767909e+00
  +6.66666666666666607455e+00
  +7.55555555555555535818e+00
  +8.44444444444444464182e+00
  +9.33333333333333214910e+00
  +1.02222222222222214327e+01
  +1.11111111111111107164e+01
  +1.20000000000000000000e+01
  +4.00000000000000000000e+00
  +4.88888888888888928363e+00
  +5.77777777777777767909e+00
  +6.66666666666666607455e+00
  +7.55555555555555535818e+00
  +8.44444444444444464182e+00
  +9.33333333333333214910e+00
  +1.02222222222222214327e+01
  +1.11111111111111107164e+01
  +1.20000000000000000000e+01
  +4.00000000000000000000e+00
  +4.88888888888888928363e+00
  +5.77777777777777767909e+00
  +6.66666666666666607455e+00
  +7.55555555555555535818e+00
  +8.44444444444444464182e+00
  +9.33333333333333214910e+00
  +1.02222222222222214327e+01
  +1.11111111111111107164e+01
  +1.20000000000000000000e+01
  +4.00000000000000000000e+00
  +4.88888888888888928363e+00
  +5.77777777777777767909e+00
  +6.66666666666666607455e+00
  +7.55555555555555535818e+00
  +8.44444444444444464182e+00
  +9.33333333333333214910e+00
  +1.02222222222222214327e+01
  +1.11111111111111107164e+01
  +1.20000000000000000000e+01
  +4.00000000000000000000e+00
  +4.88888888888888928363e+00
  +5.77777777777777767909e+00
  +6.66666666666666607455e+00
  +7.55555555555555535818e+00
  +8.44444444444444464182e+00
  +9.33333333333333214910e+00
  +1.02222222222222214327e+01
  +1.11111111111111107164e+01
  +1.20000000000000000000e+01
  +4.00000000000000000000e+00
  +4.88888888888888928363e+00
  +5.77777777777777767909e+00
  +6.66666666666666607455e+00
  +7.55555555555555535818e+00
  +8.44444444444444464182e+00
  +9.33333333333333214910e+00
  +1.02222222222222214327e+01
  +1.11111111111111107164e+01
  +1.20000000000000000000e+01
  +4.00000000000000000000e+00
  +4.88888888888888928363e+00
  +5.77777777777777767909e+00
  +6.66666666666666607455e+00
  +7.55555555555555535818e+00
  +8.44444444444444464182e+00
  +9.33333333333333214910e+00
  +1.02222222222222214327e+01
  +1.11111111111111107164e+01
  +1.20000000000000000000e+01
  +4.00000000000000000000e+00
  +4.88888888888888928363e+00
  +5.77777777777777767909e+00
  +6.66666666666666607455e+00
  +7.55555555555555535818e+00
  +8.44444444444444464182e+00
  +9.33333333333333214910e+00
  +1.02222222222222214327e+01
  +1.11111111111111107164e+01
  +1.20000000000000000000e+01
  +4.00000000000000000000e+00
  +4.88888888888888928363e+00
  +5.77777777777777767909e+00
  +6.66666666666666607455e+00
  +7.55555555555555535818e+00
  +8.44444444444444464182e+00
  +9.33333333333333214910e+00
  +1.02222222222222214327e+01
  +1.11111111111111107164e+01
  +1.20000000000000000000e+01
  +4.00000000000000000000e+00
  +4.88888888888888928363e+00
  +5.77777777777777767909e+00
  +6.66666666666666607455e+00
  +7.55555555555555535818e+00
  +8.44444444444444464182e+00
  +9.33333333333333214910e+00
  +1.02222222222222214327e+01
  +1.11111111111111107164e+01
  +1.20000000000000000000e+01
  +4.00000000000000000000e+00
  +4.88888888888888928363e+00
  +5.77777777777777767909e+00
  +6.66666666666666607455e+00
  +7.55555555555555535818e+00
  +8.44444444444444464182e+00
  +9.33333333333333214910e+00
  +1.02222222222222214327e+01
  +1.11111111111111107164e+01
  +1.20000000000000000000e+01
  +4.00000000000000000000e+00
  +4.88888888888888928363e+00
  +5.77777777777777767909e+00
  +6.66666666666666607455e+00
  +7.55555555555555535818e+00
  +8.44444444444444464182e+00
  +9.33333333333333214910e+00
  +1.02222222222222214327e+01
  +1.11111111111111107164e+01
  +1.20000000000000000000e+01
  +4.00000000000000000000e+00
  +4.88888888888888928363e+00
  +5.77777777777777767909e+00
  +6.66666666666666607455e+00
  +7.55555555555555535818e+00
  +8.44444444444444464182e+00
  +9.33333333333333214910e+00
  +1.02222222222222214327e+01
  +1.11111111111111107164e+01
  +1.20000000000000000000e+01
  +4.00000000000000000000e+00
  +4.88888888888888928363e+00
  +5.77777777777777767909e+00
  +6.66666666666666607455e+00
  +7.55555555555555535818e+00
  +8.44444444444444464182e+00
  +9.33333333333333214910e+00
  +1.02222222222222214327e+01
  +1.11111111111111107164e+01
  +1.20000000000000000000e+01
  +4.00000000000000000000e+00
  +4.88888888888888928363e+00
  +5.77777777777777767909e+00
  +6.66666666666666607455e+00
  +7.55555555555555535818e+00
  +8.44444444444444464182e+00
  +9.33333333333333214910e+00
  +1.02222222222222214327e+01
  +1.11111111111111107164e+01
  +1.20000000000000000000e+01
  +4.00000000000000000000e+00
  +4.88888888888888928363e+00
  +5.77777777777777767909e+00
  +6.66666666666666607455e+00
  +7.55555555555555535818e+00
  +8.44444444444444464182e+00
  +9.33333333333333214910e+00
  +1.02222222222222214327e+01
  +1.11111111111111107164e+01
  +1.20000000000000000000e+01
  +4.00000000000000000000e+00
  +4.88888888888888928363e+00
  +5.77777777777777767909e+00
  +6.66666666666666607455e+00
  +7.55555555555555535818e+00
  +8.44444444444444464182e+00
  +9.33333333333333214910e+00
  +1.02222222222222214327e+01
  +1.11111111111111107164e+01
  +1.20000000000000000000e+01
  +4.00000000000000000000e+00
  +4.88888888888888928363e+00
  +5.77777777777777767909e+00
  +6.66666666666666607455e+00
  +7.55555555555555535818e+00
  +8.44444444444444464182e+00
  +9.33333333333333214910e+00
  +1.02222222222222214327e+01
  +1.11111111111111107164e+01
  +1.20000000000000000000e+01
  +4.00000000000000000000e+00
  +4.88888888888888928363e+00
  +5.77777777777777767909e+00
  +6.66666666666666607455e+00
  +7.55555555555555535818e+00
  +8.44444444444444464182e+00
  +9.33333333333333214910e+00
  +1.02222222222222214327e+01
  +1.11111111111111107164e+01
  +1.20000000000000000000e+01
  +4.00000000000000000000e+00
  +4.88888888888888928363e+00
  +5.77777777777777767909e+00
  +6.66666666666666607455e+00
  +7.55555555555555535818e+00
  +8.44444444444444464182e+00
  +9.33333333333333214910e+00
  +1.02222222222222214327e+01
  +1.11111111111111107164e+01
  +1.20000000000000000000e+01
</dep>
<dep V1.I vin ib>
  -8.68913493778645145092e-12
  -1.06228261762923340955e-11
  -1.25892261507889746672e-11
  -1.45885699506679175251e-11
  -1.66200374039703979207e-11
  -1.86839462587650824665e-11
  -2.07792055332581941093e-11
  -2.29072975307684616649e-11
  -2.50667472833580050071e-11
  -2.72589292169692390785e-11
  -3.85869428730137710264e-04
  -3.89187602587349524598e-04
  -3.92505776477537619059e-04
  -3.95823950398244432582e-04
  -3.99142124349141397700e-04
  -4.02460298335479847633e-04
  -4.05778472342734617458e-04
  -4.09096646391901607506e-04
  -4.12414820470734320556e-04
  -4.15732994575314775219e-04
  -7.67761798603795557472e-04
  -7.74365209567275700024e-04
  -7.80968620560310218016e-04
  -7.87572031589043176740e-04
  -7.94175442643680977971e-04
  -8.00778853736901306132e-04
  -8.07382264847161714577e-04
  -8.13985676004443971243e-04
  -8.20589087180316717300e-04
  -8.27192498393698413296e-04
  -1.14582198027823401257e-03
  -1.15567821137543369318e-03
  -1.16553444249888928097e-03
  -1.17539067366043657736e-03
  -1.18524690484475255306e-03
  -1.19510313606063290660e-03
  -1.20495936731034101845e-03
  -1.21481559858136801446e-03
  -1.22467182988900916835e-03
  -1.23452806122669833493e-03
  -1.52012726910045136396e-03
  -1.53320441014476670748e-03
  -1.54628155120598888284e-03
  -1.55935869231404056895e-03
  -1.57243583344783143148e-03
  -1.58551297460533856601e-03
  -1.59859011580015830147e-03
  -1.61166725701370090740e-03
  -1.62474439826324032650e-03
  -1.63782153953973886630e-03
  -1.89074423579465981417e-03
  -1.90701087262907013030e-03
  -1.92327750949507908507e-03
  -1.93954414638716071684e-03
  -1.95581078331612647284e-03
  -1.97207742026547349495e-03
  -1.98834405724552642364e-03
  -2.00461069426828217277e-03
  -2.02087733131118933716e-03
  -2.03714396837086824180e-03
  -2.25773468827863369596e-03
  -2.27715989232512910564e-03
  -2.29658509639816231507e-03
  -2.31601030048709556619e-03
  -2.33543550461398369961e-03
  -2.35486070877676239438e-03
  -2.37428591296106380332e-03
  -2.39371111717768744742e-03
  -2.41313632142403991510e-03
  -2.43256152568993751217e-03
  -2.62115751417389903147e-03
  -2.64371083220267966835e-03
  -2.66626415024917356664e-03
  -2.68881746833932221488e-03
  -2.71137078644192444296e-03
  -2.73392410458488197694e-03
  -2.75647742275053750025e-03
  -2.77903074095128257634e-03
  -2.80158405917618324316e-03
  -2.82413737742361059535e-03
  -2.98106946262818427867e-03
  -3.00672090687695119093e-03
  -3.03237235113666030520e-03
  -3.05802379542641136062e-03
  -3.08367523974173484216e-03
  -3.10932668410403073231e-03
  -3.13497812847552369264e-03
  -3.16062957287718956575e-03
  -3.18628101731085328074e-03
  -3.21193246177315294351e-03
  -3.33752553918850638354e-03
  -3.36624558274196310562e-03
  -3.39496562122893657046e-03
  -3.42368565974091780893e-03
  -3.45240569827406180645e-03
  -3.48112573683753484186e-03
  -3.50984577542472805239e-03
  -3.53856581404692711532e-03
  -3.56728585271277182089e-03
  -3.59600589138654985061e-03
  -3.68595202035456280532e-03
  -3.72233881143598779526e-03
  -3.75409835851320651881e-03
  -3.78585790562655562924e-03
  -3.81761745277822131181e-03
  -3.84937699994843942827e-03
  -3.88113654713659198339e-03
  -3.91289609435099480783e-03
  -3.94465564159517112497e-03
  -3.97641518886081464512e-03
  -3.78657851255357605011e-03
  -4.07505318020601366158e-03
  -4.10982358766661011462e-03
  -4.14459399495991677453e-03
  -4.17936440227498727518e-03
  -4.21413480962405922331e-03
  -4.24890521701945869659e-03
  -4.28367562440636583110e-03
  -4.31844603183592634643e-03
  -4.35321643930969802427e-03
  -3.80597367395556131914e-03
  -4.42441882041748595772e-03
  -4.46219306540444719811e-03
  -4.49994611274128538531e-03
  -4.53769916013190607179e-03
  -4.57545220753355613014e-03
  -4.61320525494830682017e-03
  -4.65095830241791727278e-03
  -4.68871134989681283278e-03
  -4.72646439740696030357e-03
  -3.81579040081207873300e-03
  -4.64505808744640827368e-03
  -4.81125735912187567356e-03
  -4.85196524639599623824e-03
  -4.89267313326152957637e-03
  -4.93338102015022754443e-03
  -4.97408890707172653134e-03
  -5.01479679401775190611e-03
  -5.05550468099799556881e-03
  -5.09621256801718203883e-03
  -3.82196535444518509239e-03
  -4.67529730880852315705e-03
  -5.15706583601417255930e-03
  -5.20070124791675598291e-03
  -5.24433658482621745112e-03
  -5.28797192174930170278e-03
  -5.33160725872354555183e-03
  -5.37524259570223029298e-03
  -5.41887793270661236034e-03
  -5.46251326976221994458e-03
  -3.82622086877660574564e-03
  -4.68780117986937212154e-03
  -5.47774367970293128705e-03
  -5.54620288546982167371e-03
  -5.59273868578465463419e-03
  -5.63927448616855734459e-03
  -5.68581028653843828513e-03
  -5.73234608693778437127e-03
  -5.77888188736836588832e-03
  -5.82541768782481386713e-03
  -3.82929171353519086016e-03
  -4.69518184252627410191e-03
  -5.54271429181435112965e-03
  -5.88851788680493700573e-03
  -5.93792755902650386951e-03
  -5.98733723098296422016e-03
  -6.03674690295663823186e-03
  -6.08615657490915468869e-03
  -6.13556624694590324598e-03
  -6.18497591898987519182e-03
  -3.83155889505216052521e-03
  -4.70012210859520589840e-03
  -5.55967771044661544788e-03
  -6.22754521826810684276e-03
  -6.27995031781785305325e-03
  -6.33220765646891510514e-03
  -6.38446499513082785238e-03
  -6.43672233380401977165e-03
  -6.48897967252479949268e-03
  -6.54123701124594350564e-03
  -3.83324527304390637664e-03
  -4.70363539969059427093e-03
  -5.56874108421522712176e-03
  -6.40480494665977232588e-03
  -6.61885310020919864077e-03
  -6.67393228020999110250e-03
  -6.72901145995734480121e-03
  -6.78409063973287387861e-03
  -6.83916981950954527142e-03
  -6.89424899932379858097e-03
  -3.83449240405325623982e-03
  -4.70621290129004388181e-03
  -5.57456194124730970707e-03
  -6.43062298934021780994e-03
  -6.95468069641827155158e-03
  -7.01255666885146691780e-03
  -7.07043223587856123347e-03
  -7.12830780293688577587e-03
  -7.18618337000033035461e-03
  -7.24405893710157715998e-03
  -3.83539577852552888981e-03
  -4.70812968946000137693e-03
  -5.57861703249262069759e-03
  -6.44219998287352824118e-03
  -7.24775811509050741505e-03
  -7.34812546720391319977e-03
  -7.40877233224148789431e-03
  -7.46941919731543366862e-03
  -7.53006606243454904015e-03
  -7.59071292756337973051e-03
  -3.83602284023329322821e-03
  -4.70955523494432249515e-03
  -5.58156204919300208411e-03
  -6.44919760536258497574e-03
  -7.29935562752211369170e-03
  -7.68068242438605611883e-03
  -7.74407585669542944395e-03
  -7.80746928802901300759e-03
  -7.87086271935413805956e-03
  -7.93425615071526556255e-03
  -3.83642298309346072710e-03
  -4.71060129704124405658e-03
  -5.58374500980414988083e-03
  -6.45393401500140694721e-03
  -7.31509087094986496652e-03
  -8.00985087884987720375e-03
  -8.07638604095235919378e-03
  -8.14250165722521339340e-03
  -8.20861727349050766811e-03
  -8.27473288979318870318e-03
  -3.83663346016170419758e-03
  -4.71134543968362851096e-03
  -5.58537263802781798472e-03
  -6.45732352743984272525e-03
  -7.32374083171352836807e-03
  -8.16281700689549388761e-03
  -8.40574526472034552760e-03
  -8.47455902866929393358e-03
  -8.54337279234600351085e-03
  -8.61218655605494945449e-03
  -3.83668305852431432146e-03
  -4.71184368142043338151e-03
  -5.58657769022688922150e-03
  -6.45981966857424230039e-03
  -7.32936070413772299686e-03
  -8.18674853596852193649e-03
  -8.73219414666222444599e-03
  -8.80368329089965470646e-03
  -8.87517150164534966705e-03
  -8.94665971245973273840e-03
</dep>
<dep IC.I vin ib>
  +8.68913493778645145092e-12
  +1.06228261762923340955e-11
  +1.25892261507889746672e-11
  +1.45885699506679175251e-11
  +1.66200374039703979207e-11
  +1.86839462587650824665e-11
  +2.07792055332581941093e-11
  +2.29072975307684616649e-11
  +2.50667472833580050071e-11
  +2.72589292169692390785e-11
  +3.85869428730137710264e-04
  +3.89187602587349524598e-04
  +3.92505776477537619059e-04
  +3.95823950398244432582e-04
  +3.99142124349141397700e-04
  +4.02460298335479847633e-04
  +4.05778472342734617458e-04
  +4.09096646391901607506e-04
  +4.12414820470734320556e-04
  +4.15732994575314775219e-04
  +7.67761798603795557472e-04
  +7.74365209567275700024e-04
  +7.80968620560310218016e-04
  +7.87572031589043176740e-04
  +7.94175442643680977971e-04
  +8.00778853736901306132e-04
  +8.07382264847161714577e-04
  +8.13985676004443971243e-04
  +8.20589087180316717300e-04
  +8.27192498393698413296e-04
  +1.14582198027823401257e-03
  +1.15567821137543369318e-03
  +1.16553444249888928097e-03
  +1.17539067366043657736e-03
  +1.18524690484475255306e-03
  +1.19510313606063290660e-03
  +1.20495936731034101845e-03
  +1.21481559858136801446e-03
  +1.22467182988900916835e-03
  +1.23452806122669833493e-03
  +1.52012726910045136396e-03
  +1.53320441014476670748e-03
  +1.54628155120598888284e-03
  +1.55935869231404056895e-03
  +1.57243583344783143148e-03
  +1.58551297460533856601e-03
  +1.59859011580015830147e-03
  +1.61166725701370090740e-03
  +1.62474439826324032650e-03
  +1.63782153953973886630e-03
  +1.89074423579465981417e-03
  +1.90701087262907013030e-03
  +1.92327750949507908507e-03
  +1.93954414638716071684e-03
  +1.95581078331612647284e-03
  +1.97207742026547349495e-03
  +1.98834405724552642364e-03
  +2.00461069426828217277e-03
  +2.02087733131118933716e-03
  +2.03714396837086824180e-03
  +2.25773468827863369596e-03
  +2.27715989232512910564e-03
  +2.29658509639816231507e-03
  +2.31601030048709556619e-03
  +2.33543550461398369961e-03
  +2.35486070877676239438e-03
  +2.37428591296106380332e-03
  +2.39371111717768744742e-03
  +2.41313632142403991510e-03
  +2.43256152568993751217e-03
  +2.62115751417389903147e-03
  +2.64371083220267966835e-03
  +2.66626415024917356664e-03
  +2.68881746833932221488e-03
  +2.71137078644192444296e-03
  +2.73392410458488197694e-03
  +2.75647742275053750025e-03
  +2.77903074095128257634e-03
  +2.80158405917618324316e-03
  +2.82413737742361059535e-03
  +2.98106946262818427867e-03
  +3.00672090687695119093e-03
  +3.03237235113666030520e-03
  +3.05802379542641136062e-03
  +3.08367523974173484216e-03
  +3.10932668410403073231e-03
  +3.13497812847552369264e-03
  +3.16062957287718956575e-03
  +3.18628101731085328074e-03
  +3.21193246177315294351e-03
  +3.33752553918850638354e-03
  +3.36624558274196310562e-03
  +3.39496562122893657046e-03
  +3.42368565974091780893e-03
  +3.45240569827406180645e-03
  +3.48112573683753484186e-03
  +3.50984577542472805239e-03
  +3.53856581404692711532e-03
  +3.56728585271277182089e-03
  +3.59600589138654985061e-03
  +3.68595202035456280532e-03
  +3.72233881143598779526e-03
  +3.75409835851320651881e-03
  +3.78585790562655562924e-03
  +3.81761745277822131181e-03
  +3.84937699994843942827e-03
  +3.88113654713659198339e-03
  +3.91289609435099480783e-03
  +3.94465564159517112497e-03
  +3.97641518886081464512e-03
  +3.78657851255357605011e-03
  +4.07505318020601366158e-03
  +4.10982358766661011462e-03
  +4.14459399495991677453e-03
  +4.17936440227498727518e-03
  +4.21413480962405922331e-03
  +4.24890521701945869659e-03
  +4.28367562440636583110e-03
  +4.31844603183592634643e-03
  +4.35321643930969802427e-03
  +3.80597367395556131914e-03
  +4.42441882041748595772e-03
  +4.46219306540444719811e-03
  +4.49994611274128538531e-03
  +4.53769916013190607179e-03
  +4.57545220753355613014e-03
  +4.61320525494830682017e-03
  +4.65095830241791727278e-03
  +4.68871134989681283278e-03
  +4.72646439740696030357e-03
  +3.81579040081207873300e-03
  +4.64505808744640827368e-03
  +4.81125735912187567356e-03
  +4.85196524639599623824e-03
  +4.89267313326152957637e-03
  +4.93338102015022754443e-03
  +4.97408890707172653134e-03
  +5.01479679401775190611e-03
  +5.05550468099799556881e-03
  +5.09621256801718203883e-03
  +3.82196535444518509239e-03
  +4.67529730880852315705e-03
  +5.15706583601417255930e-03
  +5.20070124791675598291e-03
  +5.24433658482621745112e-03
  +5.28797192174930170278e-03
  +5.33160725872354555183e-03
  +5.37524259570223029298e-03
  +5.41887793270661236034e-03
  +5.46251326976221994458e-03
  +3.82622086877660574564e-03
  +4.68780117986937212154e-03
  +5.47774367970293128705e-03
  +5.54620288546982167371e-03
  +5.59273868578465463419e-03
  +5.63927448616855734459e-03
  +5.68581028653843828513e-03
  +5.73234608693778437127e-03
  +5.77888188736836588832e-03
  +5.82541768782481386713e-03
  +3.82929171353519086016e-03
  +4.69518184252627410191e-03
  +5.54271429181435112965e-03
  +5.88851788680493700573e-03
  +5.93792755902650386951e-03
  +5.98733723098296422016e-03
  +6.03674690295663823186e-03
  +6.08615657490915468869e-03
  +6.13556624694590324598e-03
  +6.18497591898987519182e-03
  +3.83155889505216052521e-03
  +4.70012210859520589840e-03
  +5.55967771044661544788e-03
  +6.22754521826810684276e-03
  +6.27995031781785305325e-03
  +6.33220765646891510514e-03
  +6.38446499513082785238e-03
  +6.43672233380401977165e-03
  +6.48897967252479949268e-03
  +6.54123701124594350564e-03
  +3.83324527304390637664e-03
  +4.70363539969059427093e-03
  +5.56874108421522712176e-03
  +6.40480494665977232588e-03
  +6.61885310020919864077e-03
  +6.67393228020999110250e-03
  +6.72901145995734480121e-03
  +6.78409063973287387861e-03
  +6.83916981950954527142e-03
  +6.89424899932379858097e-03
  +3.83449240405325623982e-03
  +4.70621290129004388181e-03
  +5.57456194124730970707e-03
  +6.43062298934021780994e-03
  +6.95468069641827155158e-03
  +7.01255666885146691780e-03
  +7.07043223587856123347e-03
  +7.12830780293688577587e-03
  +7.18618337000033035461e-03
  +7.24405893710157715998e-03
  +3.83539577852552888981e-03
  +4.70812968946000137693e-03
  +5.57861703249262069759e-03
  +6.44219998287352824118e-03
  +7.24775811509050741505e-03
  +7.34812546720391319977e-03
  +7.40877233224148789431e-03
  +7.46941919731543366862e-03
  +7.53006606243454904015e-03
  +7.59071292756337973051e-03
  +3.83602284023329322821e-03
  +4.70955523494432249515e-03
  +5.58156204919300208411e-03
  +6.44919760536258497574e-03
  +7.29935562752211369170e-03
  +7.68068242438605611883e-03
  +7.74407585669542944395e-03
  +7.80746928802901300759e-03
  +7.87086271935413805956e-03
  +7.93425615071526556255e-03
  +3.83642298309346072710e-03
  +4.71060129704124405658e-03
  +5.58374500980414988083e-03
  +6.45393401500140694721e-03
  +7.31509087094986496652e-03
  +8.00985087884987720375e-03
  +8.07638604095235919378e-03
  +8.14250165722521339340e-03
  +8.20861727349050766811e-03
  +8.27473288979318870318e-03
  +3.83663346016170419758e-03
  +4.71134543968362851096e-03
  +5.58537263802781798472e-03
  +6.45732352743984272525e-03
  +7.32374083171352836807e-03
  +8.16281700689549388761e-03
  +8.40574526472034552760e-03
  +8.47455902866929393358e-03
  +8.54337279234600351085e-03
  +8.61218655605494945449e-03
  +3.83668305852431432146e-03
  +4.71184368142043338151e-03
  +5.58657769022688922150e-03
  +6.45981966857424230039e-03
  +7.32936070413772299686e-03
  +8.18674853596852193649e-03
  +8.73219414666222444599e-03
  +8.80368329089965470646e-03
  +8.87517150164534966705e-03
  +8.94665971245973273840e-03
</dep>
<dep _net1.V vin ib>
  +1.73851964835857686342e-01
  +1.78828614406198543874e-01
  +1.83002620434263157945e-01
  +1.86598222230357685403e-01
  +1.89755495310166139022e-01
  +1.92570241218704696351e-01
  +1.95108413555531545747e-01
  +1.97420468966582635106e-01
  +1.99543072047092873156e-01
  +2.01505231304997173281e-01
  +1.01759831346671658636e+00
  +1.02091980561949968731e+00
  +1.02424129780624140196e+00
  +1.02756279002261163846e+00
  +1.03088428226979145208e+00
  +1.03420577455186624150e+00
  +1.03752726685468887879e+00
  +1.04084875919988517623e+00
  +1.04417025157562148863e+00
  +1.04749174397570676831e+00
  +1.41968830464461781560e+00
  +1.42629831907999093943e+00
  +1.43290833354455982018e+00
  +1.43951834804568479242e+00
  +1.44612836257208421387e+00
  +1.45273837713681119865e+00
  +1.45934839171955754722e+00
  +1.46595840634792917712e+00
  +1.47256842099700202553e+00
  +1.47917843568208962068e+00
  +1.81050511004573033702e+00
  +1.82037119741456066002e+00
  +1.83023728480999237078e+00
  +1.84010337224249576060e+00
  +1.84996945969810933086e+00
  +1.85983554718577304143e+00
  +1.86970163470727657185e+00
  +1.87956772225018609035e+00
  +1.88943380983013753394e+00
  +1.89929989743917237988e+00
  +2.19451833717588762340e+00
  +2.20760855539149725146e+00
  +2.22069877362389345166e+00
  +2.23378899190314905709e+00
  +2.24687921020774972192e+00
  +2.25996942853686100250e+00
  +2.27305964690364081804e+00
  +2.28614986528785646414e+00
  +2.29924008370874766172e+00
  +2.31233030215674917329e+00
  +2.57317110208950694528e+00
  +2.58945400558522331735e+00
  +2.60573690911172706208e+00
  +2.62201981266529449144e+00
  +2.63830271625459644724e+00
  +2.65458561986480567896e+00
  +2.67086852350686321245e+00
  +2.68715142719039601360e+00
  +2.70343433089356466326e+00
  +2.71971723461407677291e+00
  +2.94713839486136119916e+00
  +2.96658302413151098165e+00
  +2.98602765342889941991e+00
  +3.00547228274152322669e+00
  +3.02491691209328195100e+00
  +3.04436154148029780586e+00
  +3.06380617088853313135e+00
  +3.08325080032881881920e+00
  +3.10269542980027202006e+00
  +3.12214005928923077349e+00
  +3.31680621906660721976e+00
  +3.33938209043092104622e+00
  +3.36195796181244244138e+00
  +3.38453383323776790803e+00
  +3.40710970467492213487e+00
  +3.42968557615319991072e+00
  +3.45226144765407116921e+00
  +3.47483731918946503470e+00
  +3.49741319075025769436e+00
  +3.51998906233295283386e+00
  +3.68242660452589642972e+00
  +3.70810370023400315276e+00
  +3.73378079595229461773e+00
  +3.75945789170121846823e+00
  +3.78513498747650523057e+00
  +3.81081208329716991656e+00
  +3.83648917912860554225e+00
  +3.86216627498985776157e+00
  +3.88784337088240139479e+00
  +3.91352046680424914271e+00
  +4.04418053518429321258e+00
  +4.07292929883505028243e+00
  +4.10167805737353052820e+00
  +4.13042681593679539276e+00
  +4.15917557452155506326e+00
  +4.18792433313722067822e+00
  +4.21667309177584570534e+00
  +4.24542185044950670658e+00
  +4.27417060916710322971e+00
  +4.30291936789264894969e+00
  +4.39754231399454020845e+00
  +4.43399887145982152248e+00
  +4.46579017809537770489e+00
  +4.49758148476851804531e+00
  +4.52937279147883398167e+00
  +4.56116409820951318466e+00
  +4.59295540495484377885e+00
  +4.62474671172946294462e+00
  +4.65653801853168758385e+00
  +4.68832932535665669604e+00
  +4.50093379050620967519e+00
  +4.79142638371789253426e+00
  +4.82623156159741650839e+00
  +4.86103673930912272283e+00
  +4.89584191704216387109e+00
  +4.93064709480944340925e+00
  +4.96545227262249611044e+00
  +5.00025745042688907205e+00
  +5.03506262827525041814e+00
  +5.06986780616592458415e+00
  +4.52243104967602960187e+00
  +5.14528714912091089673e+00
  +5.18309929703460881001e+00
  +5.22089009742849263773e+00
  +5.25868089787536696633e+00
  +5.29647169833486675117e+00
  +5.33426249880713054807e+00
  +5.37205329933325970160e+00
  +5.40984409987006209519e+00
  +5.44763490043573206378e+00
  +4.53427255896280545500e+00
  +5.36939447994799756714e+00
  +5.53647838901768807318e+00
  +5.57722698418945750376e+00
  +5.61797557895119759053e+00
  +5.65872417373520075756e+00
  +5.69947276855380735583e+00
  +5.74022136339504829294e+00
  +5.78096995827074966456e+00
  +5.82171855318793962653e+00
  +4.54244292587358433622e+00
  +5.40177623521016148089e+00
  +5.88644498300764862364e+00
  +5.93012403072491522948e+00
  +5.97380300297977662183e+00
  +6.01748197524781325285e+00
  +6.06116094756818934997e+00
  +6.10483991989185259541e+00
  +6.14851889224108383303e+00
  +6.19219786464402233150e+00
  +4.54867836192282126717e+00
  +5.41630183914956564450e+00
  +6.21101483713804025655e+00
  +6.27965124319375345152e+00
  +6.32623357931623697681e+00
  +6.37281591550908643740e+00
  +6.41939825168597177907e+00
  +6.46598058789297880367e+00
  +6.51256292413310688971e+00
  +6.55914526039691114789e+00
  +4.55371955014870355427e+00
  +5.42566940278403908593e+00
  +6.27830279486235554032e+00
  +6.62587347880834975911e+00
  +6.67533256071050917768e+00
  +6.72479164234692827762e+00
  +6.77425072400052297183e+00
  +6.82370980563111739770e+00
  +6.87316888734789976922e+00
  +6.92262796907044375416e+00
  +4.55795056100968754009e+00
  +5.43257997440460727034e+00
  +6.29729745512008598496e+00
  +6.96870292269772395599e+00
  +7.02116107929877486526e+00
  +7.07347067529463924274e+00
  +7.12578027130173730086e+00
  +7.17808986732052378699e+00
  +7.23039946338731809306e+00
  +7.28270905945328728137e+00
  +4.56159604575444177499e+00
  +5.43805385619928660645e+00
  +6.30834518298468527320e+00
  +7.14883889854488874249e+00
  +7.36377689299633075848e+00
  +7.41891115218454899605e+00
  +7.47404541111765929884e+00
  +7.52917967007978194971e+00
  +7.58431392904242418496e+00
  +7.63944818804335046281e+00
  +4.56479869861943576836e+00
  +5.44258556626967937575e+00
  +6.31613115520219547960e+00
  +7.17672004432987620248e+00
  +7.70323453010776937333e+00
  +7.76116838013664178675e+00
  +7.81910182273707832223e+00
  +7.87703526536887022047e+00
  +7.93496870800477260843e+00
  +7.99290215067971399066e+00
  +4.56765477744143044703e+00
  +5.44645204627437795608e+00
  +6.32214087784494438438e+00
  +7.19028453069647621732e+00
  +7.99967538167287806061e+00
  +8.10029525056967969476e+00
  +8.16100276247774303329e+00
  +8.22171027442214708003e+00
  +8.28241778641206494171e+00
  +8.34312529841080774418e+00
  +4.57023226801153192866e+00
  +5.44982391605754834529e+00
  +6.32703392684549292824e+00
  +7.19924535479120120129e+00
  +8.05344502606860501714e+00
  +8.43634255698999702133e+00
  +8.49979938273964563678e+00
  +8.56325620751111316054e+00
  +8.62671303227200958474e+00
  +8.69016985707050082510e+00
  +4.57258096125147694977e+00
  +5.45281369262023662969e+00
  +6.33116038167769268341e+00
  +7.20593296820576689754e+00
  +8.07117888075678280302e+00
  +8.76893781276215555920e+00
  +8.83554098151784117476e+00
  +8.90172271341163501290e+00
  +8.96790444529867691870e+00
  +9.03408617722111095816e+00
  +4.57473840969706468940e+00
  +5.45549946575187316711e+00
  +6.33472818999544706742e+00
  +7.21126653171660247921e+00
  +8.08179324528708598052e+00
  +8.92450930896282557114e+00
  +9.16827520030439124810e+00
  +9.23715777802404858221e+00
  +9.30604035546870633766e+00
  +9.37492293294615564037e+00
  +4.57673363192343529704e+00
  +5.45793763380736240975e+00
  +6.33787089407483872350e+00
  +7.21570197351712927514e+00
  +8.08936289378302575415e+00
  +8.95046736776417262149e+00
  +9.49804724802542210682e+00
  +9.56960788444222565374e+00
  +9.64116758340387924875e+00
  +9.71272728243381955338e+00
</dep>
<dep _net2.V vin ib>
  +4.00000000000000000000e+00
  +4.88888888888888928363e+00
  +5.77777777777777767909e+00
  +6.66666666666666607455e+00
  +7.55555555555555535818e+00
  +8.44444444444444464182e+00
  +9.33333333333333214910e+00
  +1.02222222222222214327e+01
  +1.11111111111111107164e+01
  +1.20000000000000000000e+01
  +4.00000000000000000000e+00
  +4.88888888888888928363e+00
  +5.77777777777777767909e+00
  +6.66666666666666607455e+00
  +7.55555555555555535818e+00
  +8.44444444444444464182e+00
  +9.33333333333333214910e+00
  +1.02222222222222214327e+01
  +1.11111111111111107164e+01
  +1.20000000000000000000e+01
  +4.00000000000000000000e+00
  +4.88888888888888928363e+00
  +5.77777777777777767909e+00
  +6.66666666666666607455e+00
  +7.55555555555555535818e+00
  +8.44444444444444464182e+00
  +9.33333333333333214910e+00
  +1.02222222222222214327e+01
  +1.11111111111111107164e+01
  +1.20000000000000000000e+01
  +4.00000000000000000000e+00
  +4.88888888888888928363e+00
  +5.77777777777777767909e+00
  +6.66666666666666607455e+00
  +7.55555555555555535818e+00
  +8.44444444444444464182e+00
  +9.33333333333333214910e+00
  +1.02222222222222214327e+01
  +1.11111111111111107164e+01
  +1.20000000000000000000e+01
  +4.00000000000000000000e+00
  +4.88888888888888928363e+00
  +5.77777777777777767909e+00
  +6.66666666666666607455e+00
  +7.55555555555555535818e+00
  +8.44444444444444464182e+00
  +9.33333333333333214910e+00
  +1.02222222222222214327e+01
  +1.11111111111111107164e+01
  +1.20000000000000000000e+01
  +4.00000000000000000000e+00
  +4.88888888888888928363e+00
  +5.77777777777777767909e+00
  +6.66666666666666607455e+00
  +7.55555555555555535818e+00
  +8.44444444444444464182e+00
  +9.33333333333333214910e+00
  +1.02222222222222214327e+01
  +1.11111111111111107164e+01
  +1.20000000000000000000e+01
  +4.00000000000000000000e+00
  +4.88888888888888928363e+00
  +5.77777777777777767909e+00
  +6.66666666666666607455e+00
  +7.55555555555555535818e+00
  +8.44444444444444464182e+00
  +9.33333333333333214910e+00
  +1.02222222222222214327e+01
  +1.11111111111111107164e+01
  +1.20000000000000000000e+01
  +4.00000000000000000000e+00
  +4.88888888888888928363e+00
  +5.77777777777777767909e+00
  +6.66666666666666607455e+00
  +7.55555555555555535818e+00
  +8.44444444444444464182e+00
  +9.33333333333333214910e+00
  +1.02222222222222214327e+01
  +1.11111111111111107164e+01
  +1.20000000000000000000e+01
  +4.00000000000000000000e+00
  +4.88888888888888928363e+00
  +5.77777777777777767909e+00
  +6.66666666666666607455e+00
  +7.55555555555555535818e+00
  +8.44444444444444464182e+00
  +9.33333333333333214910e+00
  +1.02222222222222214327e+01
  +1.11111111111111107164e+01
  +1.20000000000000000000e+01
  +4.00000000000000000000e+00
  +4.88888888888888928363e+00
  +5.77777777777777767909e+00
  +6.66666666666666607455e+00
  +7.55555555555555535818e+00
  +8.44444444444444464182e+00
  +9.33333333333333214910e+00
  +1.02222222222222214327e+01
  +1.11111111111111107164e+01
  +1.20000000000000000000e+01
  +4.00000000000000000000e+00
  +4.88888888888888928363e+00
  +5.77777777777777767909e+00
  +6.66666666666666607455e+00
  +7.55555555555555535818e+00
  +8.44444444444444464182e+00
  +9.33333333333333214910e+00
  +1.02222222222222214327e+01
  +1.11111111111111107164e+01
  +1.20000000000000000000e+01
  +4.00000000000000000000e+00
  +4.88888888888888928363e+00
  +5.77777777777777767909e+00
  +6.66666666666666607455e+00
  +7.55555555555555535818e+00
  +8.44444444444444464182e+00
  +9.33333333333333214910e+00
  +1.02222222222222214327e+01
  +1.11111111111111107164e+01
  +1.20000000000000000000e+01
  +4.00000000000000000000e+00
  +4.88888888888888928363e+00
  +5.77777777777777767909e+00
  +6.66666666666666607455e+00
  +7.55555555555555535818e+00
  +8.44444444444444464182e+00
  +9.33333333333333214910e+00
  +1.02222222222222214327e+01
  +1.11111111111111107164e+01
  +1.20000000000000000000e+01
  +4.00000000000000000000e+00
  +4.88888888888888928363e+00
  +5.77777777777777767909e+00
  +6.66666666666666607455e+00
  +7.55555555555555535818e+00
  +8.44444444444444464182e+00
  +9.33333333333333214910e+00
  +1.02222222222222214327e+01
  +1.11111111111111107164e+01
  +1.20000000000000000000e+01
  +4.00000000000000000000e+00
  +4.88888888888888928363e+00
  +5.77777777777777767909e+00
  +6.66666666666666607455e+00
  +7.55555555555555535818e+00
  +8.44444444444444464182e+00
  +9.33333333333333214910e+00
  +1.02222222222222214327e+01
  +1.11111111111111107164e+01
  +1.20000000000000000000e+01
  +4.00000000000000000000e+00
  +4.88888888888888928363e+00
  +5.77777777777777767909e+00
  +6.66666666666666607455e+00
  +7.55555555555555535818e+00
  +8.44444444444444464182e+00
  +9.33333333333333214910e+00
  +1.02222222222222214327e+01
  +1.11111111111111107164e+01
  +1.20000000000000000000e+01
  +4.00000000000000000000e+00
  +4.88888888888888928363e+00
  +5.77777777777777767909e+00
  +6.66666666666666607455e+00
  +7.55555555555555535818e+00
  +8.44444444444444464182e+00
  +9.33333333333333214910e+00
  +1.02222222222222214327e+01
  +1.11111111111111107164e+01
  +1.20000000000000000000e+01
  +4.00000000000000000000e+00
  +4.88888888888888928363e+00
  +5.77777777777777767909e+00
  +6.66666666666666607455e+00
  +7.55555555555555535818e+00
  +8.44444444444444464182e+00
  +9.33333333333333214910e+00
  +1.02222222222222214327e+01
  +1.11111111111111107164e+01
  +1.20000000000000000000e+01
  +4.00000000000000000000e+00
  +4.88888888888888928363e+00
  +5.77777777777777767909e+00
  +6.66666666666666607455e+00
  +7.55555555555555535818e+00
  +8.44444444444444464182e+00
  +9.33333333333333214910e+00
  +1.02222222222222214327e+01
  +1.11111111111111107164e+01
  +1.20000000000000000000e+01
  +4.00000000000000000000e+00
  +4.88888888888888928363e+00
  +5.77777777777777767909e+00
  +6.66666666666666607455e+00
  +7.55555555555555535818e+00
  +8.44444444444444464182e+00
  +9.33333333333333214910e+00
  +1.02222222222222214327e+01
  +1.11111111111111107164e+01
  +1.20000000000000000000e+01
  +4.00000000000000000000e+00
  +4.88888888888888928363e+00
  +5.77777777777777767909e+00
  +6.66666666666666607455e+00
  +7.55555555555555535818e+00
  +8.44444444444444464182e+00
  +9.33333333333333214910e+00
  +1.02222222222222214327e+01
  +1.11111111111111107164e+01
  +1.20000000000000000000e+01
  +4.00000000000000000000e+00
  +4.88888888888888928363e+00
  +5.77777777777777767909e+00
  +6.66666666666666607455e+00
  +7.55555555555555535818e+00
  +8.44444444444444464182e+00
  +9.33333333333333214910e+00
  +1.02222222222222214327e+01
  +1.11111111111111107164e+01
  +1.20000000000000000000e+01
  +4.00000000000000000000e+00
  +4.88888888888888928363e+00
  +5.77777777777777767909e+00
  +6.66666666666666607455e+00
  +7.55555555555555535818e+00
  +8.44444444444444464182e+00
  +9.33333333333333214910e+00
  +1.02222222222222214327e+01
  +1.11111111111111107164e+01
  +1.20000000000000000000e+01
  +4.00000000000000000000e+00
  +4.88888888888888928363e+00
  +5.77777777777777767909e+00
  +6.66666666666666607455e+00
  +7.55555555555555535818e+00
  +8.44444444444444464182e+00
  +9.33333333333333214910e+00
  +1.02222222222222214327e+01
  +1.11111111111111107164e+01
  +1.20000000000000000000e+01
  +4.00000000000000000000e+00
  +4.88888888888888928363e+00
  +5.77777777777777767909e+00
  +6.66666666666666607455e+00
  +7.55555555555555535818e+00
  +8.44444444444444464182e+00
  +9.33333333333333214910e+00
  +1.02222222222222214327e+01
  +1.11111111111111107164e+01
  +1.20000000000000000000e+01
</dep>
<dep _net3.V vin ib>
  +8.68903571440345683432e-09
  +1.06228252521017169890e-08
  +1.25891724787684159049e-08
  +1.45884665087851175006e-08
  +1.66199793341052531679e-08
  +1.86839701648485537369e-08
  +2.07794410443056087134e-08
  +2.29072232024603523736e-08
  +2.50669304315032329014e-08
  +2.72588558618634051344e-08
  +3.87745262063726725543e-01
  +3.91063435920668389656e-01
  +3.94381609811368383234e-01
  +3.97699783731766620676e-01
  +4.01017957682940462405e-01
  +4.04336131668759923841e-01
  +4.07654305675949624188e-01
  +4.10972479724783790189e-01
  +4.14290653804189945575e-01
  +4.17608827908331647905e-01
  +7.71513465270437404087e-01
  +7.78116876234107524013e-01
  +7.84720287226957857740e-01
  +7.91323698256146901286e-01
  +7.97927109310778925888e-01
  +8.04530520403438087484e-01
  +8.11133931514529393780e-01
  +8.17737342670687539226e-01
  +8.24340753847894402995e-01
  +8.30944165060872208528e-01
  +1.15144948027833637916e+00
  +1.16130571137564286843e+00
  +1.17116194249961247387e+00
  +1.18101817366045436231e+00
  +1.19087440484455520107e+00
  +1.20073063606063645814e+00
  +1.21058686731045961338e+00
  +1.22044309858183597228e+00
  +1.23029932989010526434e+00
  +1.24015556122742354184e+00
  +1.52763060243399939608e+00
  +1.54070774347833339135e+00
  +1.55378488453966934202e+00
  +1.56686202564751475563e+00
  +1.57993916678076828930e+00
  +1.59301630793859150259e+00
  +1.60609344913393847776e+00
  +1.61917059034688515240e+00
  +1.63224773159639102715e+00
  +1.64532487287298945233e+00
  +1.90012340246152033885e+00
  +1.91639003929636020374e+00
  +1.93265667616193237421e+00
  +1.94892331305458110791e+00
  +1.96518994998283247355e+00
  +1.98145658693209636425e+00
  +1.99772322391315659829e+00
  +2.01398986093547849308e+00
  +2.03025649797755569637e+00
  +2.04652313503710647780e+00
  +2.26898968827909319756e+00
  +2.28841489232515060692e+00
  +2.30784009639844311934e+00
  +2.32726530048712065835e+00
  +2.34669050461477946001e+00
  +2.36611570877758214948e+00
  +2.38554091296168024883e+00
  +2.40496611717775454764e+00
  +2.42439132142497104638e+00
  +2.44381652568976281970e+00
  +2.63428834750753848581e+00
  +2.65684166553672262978e+00
  +2.67939498358320671301e+00
  +2.70194830167330612980e+00
  +2.72450161977537819169e+00
  +2.74705493791842991769e+00
  +2.76960825608408978127e+00
  +2.79216157428419808895e+00
  +2.81471489250971718121e+00
  +2.83726821075717072773e+00
  +2.99607612929541966551e+00
  +3.02172757354428167531e+00
  +3.04737901780347542058e+00
  +3.07303046209324737248e+00
  +3.09868190640938667713e+00
  +3.12433335077070584163e+00
  +3.14998479514294249526e+00
  +3.17563623954494911317e+00
  +3.20128768397818275204e+00
  +3.22693912844069474843e+00
  +3.35440803918905228187e+00
  +3.38312808274262977193e+00
  +3.41184812122941139023e+00
  +3.44056815974098118005e+00
  +3.46928819827407597387e+00
  +3.49800823683802519781e+00
  +3.52672827542493738662e+00
  +3.55544831404680206077e+00
  +3.58416835271244593741e+00
  +3.61288839138617312585e+00
  +3.70471035368871248750e+00
  +3.74109714476951982220e+00
  +3.77285669184621941241e+00
  +3.80461623896040279647e+00
  +3.83637578611165430686e+00
  +3.86813533328330461103e+00
  +3.89989488046967114343e+00
  +3.93165442768530315476e+00
  +3.96341397492849090156e+00
  +3.99517352219445598394e+00
  +3.80721267922057382549e+00
  +4.09568734687327928867e+00
  +4.13045775433336981308e+00
  +4.16522816162710540766e+00
  +4.19999856894218304149e+00
  +4.23476897629142712276e+00
  +4.26953938368627827771e+00
  +4.30430979107270772488e+00
  +4.33908019850295545439e+00
  +4.37385060597537389526e+00
  +3.82848367395665523105e+00
  +4.44692882041826820227e+00
  +4.48470306540529239925e+00
  +4.52245611274213832331e+00
  +4.56020916013175892090e+00
  +4.59796220753408313442e+00
  +4.63571525494924951971e+00
  +4.67346830241805744066e+00
  +4.71122134989762830770e+00
  +4.74897439740602500535e+00
  +3.84017623414634190482e+00
  +4.66944392077959413712e+00
  +4.83564319245665785729e+00
  +4.87635107972970960333e+00
  +4.91705896659562213813e+00
  +4.95776685348380041773e+00
  +4.99847474040649775162e+00
  +5.03918262735182143075e+00
  +5.07989051433152916104e+00
  +5.12059840135261623573e+00
  +3.84822702111187187057e+00
  +4.70155897547610202025e+00
  +5.18332750268107300684e+00
  +5.22696291458382233941e+00
  +5.27059825149344085560e+00
  +5.31423358841629500660e+00
  +5.35786892539130388258e+00
  +5.40150426236971092919e+00
  +5.44513959937366021080e+00
  +5.48877493643113290034e+00
  +3.85435836877709903092e+00
  +4.71593867986926973401e+00
  +5.50588117970424750780e+00
  +5.57434038547041765810e+00
  +5.62087618578490832988e+00
  +5.66741198616948604894e+00
  +5.71394778653831281190e+00
  +5.76048358693721151980e+00
  +5.80701938736916734030e+00
  +5.85355518782477890483e+00
  +3.85930504686902331457e+00
  +4.72519517586008408472e+00
  +5.57272762514886377261e+00
  +5.91853122013867238849e+00
  +5.96794089235995528497e+00
  +6.01735056431710901848e+00
  +6.06676023629146587979e+00
  +6.11616990824306583363e+00
  +6.16557958028049313270e+00
  +6.21498925232375576400e+00
  +3.86344806171923060845e+00
  +4.73201127526234266440e+00
  +5.59156687711312638811e+00
  +6.25943438493548853785e+00
  +6.31183948448559117850e+00
  +6.36409682313594604608e+00
  +6.41635416179758699684e+00
  +6.46861150047096433724e+00
  +6.52086883919220916539e+00
  +6.57312617791272835177e+00
  +3.86701027304400213325e+00
  +4.73740039969114778984e+00
  +5.60250608421552520610e+00
  +6.43856994666073045863e+00
  +6.65261810021022093053e+00
  +6.70769728021083633251e+00
  +6.76277645995777643151e+00
  +6.81785563973368446966e+00
  +6.87293481951021689724e+00
  +6.92801399932493922051e+00
  +3.87013323738733383550e+00
  +4.74185373462477421924e+00
  +5.61020277458158833639e+00
  +6.46626382267394461678e+00
  +6.99032152975133236339e+00
  +7.04819750218551099863e+00
  +7.10607306921288373047e+00
  +7.16394863627155942254e+00
  +7.22182420333441044136e+00
  +7.27969977043621341295e+00
  +3.87291244519217059405e+00
  +4.74564635612776797302e+00
  +5.61613369915949967037e+00
  +6.47971664954176418405e+00
  +7.28527478175775300429e+00
  +7.38564213387195955818e+00
  +7.44628899890936679640e+00
  +7.50693586398304013585e+00
  +7.56758272910209583983e+00
  +7.62822959423002622259e+00
  +3.87541534023343103854e+00
  +4.74894773494481992060e+00
  +5.62095454919317027986e+00
  +6.48859010536346136888e+00
  +7.33874812752283922634e+00
  +7.72007492438795139833e+00
  +7.78346835669616332609e+00
  +7.84686178803080558453e+00
  +7.91025521935501529924e+00
  +7.97364865071673456498e+00
  +3.87769131642775288782e+00
  +4.75186963037506515661e+00
  +5.62501334313793854847e+00
  +6.49520234833537646324e+00
  +7.35635920428376444136e+00
  +8.05111921218408888024e+00
  +8.11765437428706171374e+00
  +8.18376999055936416028e+00
  +8.24988560682503546673e+00
  +8.31600122312601364172e+00
  +3.87977762682850713105e+00
  +4.75448960635161554933e+00
  +5.62851680469467385848e+00
  +6.50046769410774771814e+00
  +7.36688499838244048590e+00
  +8.20596117356352472427e+00
  +8.44888943138770365238e+00
  +8.51770319533754793895e+00
  +8.58651695901368050556e+00
  +8.65533072272253889423e+00
  +3.88170305852484265330e+00
  +4.75686368142100413081e+00
  +5.63159769022774625569e+00
  +6.50483966857535644834e+00
  +7.37438070413772983613e+00
  +8.23176853596851998418e+00
  +8.77721414666314103670e+00
  +8.84870329090138874051e+00
  +8.92019150164763807709e+00
  +8.99167971246195918411e+00
</dep>
<dep _net0.V vin ib>
  +4.00000000000000000000e+00
  +4.88888888888888928363e+00
  +5.77777777777777767909e+00
  +6.66666666666666607455e+00
  +7.55555555555555535818e+00
  +8.44444444444444464182e+00
  +9.33333333333333214910e+00
  +1.02222222222222214327e+01
  +1.11111111111111107164e+01
  +1.20000000000000000000e+01
  +4.00000000000000000000e+00
  +4.88888888888888928363e+00
  +5.77777777777777767909e+00
  +6.66666666666666607455e+00
  +7.55555555555555535818e+00
  +8.44444444444444464182e+00
  +9.33333333333333214910e+00
  +1.02222222222222214327e+01
  +1.11111111111111107164e+01
  +1.20000000000000000000e+01
  +4.00000000000000000000e+00
  +4.88888888888888928363e+00
  +5.77777777777777767909e+00
  +6.66666666666666607455e+00
  +7.55555555555555535818e+00
  +8.44444444444444464182e+00
  +9.33333333333333214910e+00
  +1.02222222222222214327e+01
  +1.11111111111111107164e+01
  +1.20000000000000000000e+01
  +4.00000000000000000000e+00
  +4.88888888888888928363e+00
  +5.77777777777777767909e+00
  +6.66666666666666607455e+00
  +7.55555555555555535818e+00
  +8.44444444444444464182e+00
  +9.33333333333333214910e+00
  +1.02222222222222214327e+01
  +1.11111111111111107164e+01
  +1.20000000000000000000e+01
  +4.00000000000000000000e+00
  +4.88888888888888928363e+00
  +5.77777777777777767909e+00
  +6.66666666666666607455e+00
  +7.55555555555555535818e+00
  +8.44444444444444464182e+00
  +9.33333333333333214910e+00
  +1.02222222222222214327e+01
  +1.11111111111111107164e+01
  +1.20000000000000000000e+01
  +4.00000000000000000000e+00
  +4.88888888888888928363e+00
  +5.77777777777777767909e+00
  +6.66666666666666607455e+00
  +7.55555555555555535818e+00
  +8.44444444444444464182e+00
  +9.33333333333333214910e+00
  +1.02222222222222214327e+01
  +1.11111111111111107164e+01
  +1.20000000000000000000e+01
  +4.00000000000000000000e+00
  +4.88888888888888928363e+00
  +5.77777777777777767909e+00
  +6.66666666666666607455e+00
  +7.55555555555555535818e+00
  +8.44444444444444464182e+00
  +9.33333333333333214910e+00
  +1.02222222222222214327e+01
  +1.11111111111111107164e+01
  +1.20000000000000000000e+01
  +4.00000000000000000000e+00
  +4.88888888888888928363e+00
  +5.77777777777777767909e+00
  +6.66666666666666607455e+00
  +7.55555555555555535818e+00
  +8.44444444444444464182e+00
  +9.33333333333333214910e+00
  +1.02222222222222214327e+01
  +1.11111111111111107164e+01
  +1.20000000000000000000e+01
  +4.00000000000000000000e+00
  +4.88888888888888928363e+00
  +5.77777777777777767909e+00
  +6.66666666666666607455e+00
  +7.55555555555555535818e+00
  +8.44444444444444464182e+00
  +9.33333333333333214910e+00
  +1.02222222222222214327e+01
  +1.11111111111111107164e+01
  +1.20000000000000000000e+01
  +4.00000000000000000000e+00
  +4.88888888888888928363e+00
  +5.77777777777777767909e+00
  +6.66666666666666607455e+00
  +7.55555555555555535818e+00
  +8.44444444444444464182e+00
  +9.33333333333333214910e+00
  +1.02222222222222214327e+01
  +1.11111111111111107164e+01
  +1.20000000000000000000e+01
  +4.00000000000000000000e+00
  +4.88888888888888928363e+00
  +5.77777777777777767909e+00
  +6.66666666666666607455e+00
  +7.55555555555555535818e+00
  +8.44444444444444464182e+00
  +9.33333333333333214910e+00
  +1.02222222222222214327e+01
  +1.11111111111111107164e+01
  +1.20000000000000000000e+01
  +4.00000000000000000000e+00
  +4.88888888888888928363e+00
  +5.77777777777777767909e+00
  +6.66666666666666607455e+00
  +7.55555555555555535818e+00
  +8.44444444444444464182e+00
  +9.33333333333333214910e+00
  +1.02222222222222214327e+01
  +1.11111111111111107164e+01
  +1.20000000000000000000e+01
  +4.00000000000000000000e+00
  +4.88888888888888928363e+00
  +5.77777777777777767909e+00
  +6.66666666666666607455e+00
  +7.55555555555555535818e+00
  +8.44444444444444464182e+00
  +9.33333333333333214910e+00
  +1.02222222222222214327e+01
  +1.11111111111111107164e+01
  +1.20000000000000000000e+01
  +4.00000000000000000000e+00
  +4.88888888888888928363e+00
  +5.77777777777777767909e+00
  +6.66666666666666607455e+00
  +7.55555555555555535818e+00
  +8.44444444444444464182e+00
  +9.33333333333333214910e+00
  +1.02222222222222214327e+01
  +1.11111111111111107164e+01
  +1.20000000000000000000e+01
  +4.00000000000000000000e+00
  +4.88888888888888928363e+00
  +5.77777777777777767909e+00
  +6.66666666666666607455e+00
  +7.55555555555555535818e+00
  +8.44444444444444464182e+00
  +9.33333333333333214910e+00
  +1.02222222222222214327e+01
  +1.11111111111111107164e+01
  +1.20000000000000000000e+01
  +4.00000000000000000000e+00
  +4.88888888888888928363e+00
  +5.77777777777777767909e+00
  +6.66666666666666607455e+00
  +7.55555555555555535818e+00
  +8.44444444444444464182e+00
  +9.33333333333333214910e+00
  +1.02222222222222214327e+01
  +1.11111111111111107164e+01
  +1.20000000000000000000e+01
  +4.00000000000000000000e+00
  +4.88888888888888928363e+00
  +5.77777777777777767909e+00
  +6.66666666666666607455e+00
  +7.55555555555555535818e+00
  +8.44444444444444464182e+00
  +9.33333333333333214910e+00
  +1.02222222222222214327e+01
  +1.11111111111111107164e+01
  +1.20000000000000000000e+01
  +4.00000000000000000000e+00
  +4.88888888888888928363e+00
  +5.77777777777777767909e+00
  +6.66666666666666607455e+00
  +7.55555555555555535818e+00
  +8.44444444444444464182e+00
  +9.33333333333333214910e+00
  +1.02222222222222214327e+01
  +1.11111111111111107164e+01
  +1.20000000000000000000e+01
  +4.00000000000000000000e+00
  +4.88888888888888928363e+00
  +5.77777777777777767909e+00
  +6.66666666666666607455e+00
  +7.55555555555555535818e+00
  +8.44444444444444464182e+00
  +9.33333333333333214910e+00
  +1.02222222222222214327e+01
  +1.11111111111111107164e+01
  +1.20000000000000000000e+01
  +4.00000000000000000000e+00
  +4.88888888888888928363e+00
  +5.77777777777777767909e+00
  +6.66666666666666607455e+00
  +7.55555555555555535818e+00
  +8.44444444444444464182e+00
  +9.33333333333333214910e+00
  +1.02222222222222214327e+01
  +1.11111111111111107164e+01
  +1.20000000000000000000e+01
  +4.00000000000000000000e+00
  +4.88888888888888928363e+00
  +5.77777777777777767909e+00
  +6.66666666666666607455e+00
  +7.55555555555555535818e+00
  +8.44444444444444464182e+00
  +9.33333333333333214910e+00
  +1.02222222222222214327e+01
  +1.11111111111111107164e+01
  +1.20000000000000000000e+01
  +4.00000000000000000000e+00
  +4.88888888888888928363e+00
  +5.77777777777777767909e+00
  +6.66666666666666607455e+00
  +7.55555555555555535818e+00
  +8.44444444444444464182e+00
  +9.33333333333333214910e+00
  +1.02222222222222214327e+01
  +1.11111111111111107164e+01
  +1.20000000000000000000e+01
  +4.00000000000000000000e+00
  +4.88888888888888928363e+00
  +5.77777777777777767909e+00
  +6.66666666666666607455e+00
  +7.55555555555555535818e+00
  +8.44444444444444464182e+00
  +9.33333333333333214910e+00
  +1.02222222222222214327e+01
  +1.11111111111111107164e+01
  +1.20000000000000000000e+01
  +4.00000000000000000000e+00
  +4.88888888888888928363e+00
  +5.77777777777777767909e+00
  +6.66666666666666607455e+00
  +7.55555555555555535818e+00
  +8.44444444444444464182e+00
  +9.33333333333333214910e+00
  +1.02222222222222214327e+01
  +1.11111111111111107164e+01
  +1.20000000000000000000e+01
  +4.00000000000000000000e+00
  +4.88888888888888928363e+00
  +5.77777777777777767909e+00
  +6.66666666666666607455e+00
  +7.55555555555555535818e+00
  +8.44444444444444464182e+00
  +9.33333333333333214910e+00
  +1.02222222222222214327e+01
  +1.11111111111111107164e+01
  +1.20000000000000000000e+01
</dep>
